Iteracion 1
Nodos generados: (4, 0)
Nodos inspeccionados: 
-----------------------------------------------------------------------------------------------------------------------------
Iteracion 2
Nodos generados: (4, 1), (3, 1), (5, 1)
Nodos inspeccionados: (4, 0)
-----------------------------------------------------------------------------------------------------------------------------
Iteracion 3
Nodos generados: (4, 1), (3, 1), (6, 1), (5, 2), (4, 2), (6, 2)
Nodos inspeccionados: (4, 0), (5, 1)
-----------------------------------------------------------------------------------------------------------------------------
Iteracion 4
Nodos generados: (3, 1), (6, 1), (5, 2), (4, 2), (6, 2), (3, 2)
Nodos inspeccionados: (4, 0), (5, 1), (4, 1)
-----------------------------------------------------------------------------------------------------------------------------
Iteracion 5
Nodos generados: (3, 1), (6, 1), (4, 2), (6, 2), (3, 2), (5, 3), (6, 3)
Nodos inspeccionados: (4, 0), (5, 1), (4, 1), (5, 2)
-----------------------------------------------------------------------------------------------------------------------------
Iteracion 6
Nodos generados: (3, 1), (6, 1), (6, 2), (3, 2), (5, 3), (6, 3)
Nodos inspeccionados: (4, 0), (5, 1), (4, 1), (5, 2), (4, 2)
-----------------------------------------------------------------------------------------------------------------------------
Iteracion 7
Nodos generados: (3, 1), (6, 1), (6, 2), (3, 2), (6, 3), (5, 4), (6, 4)
Nodos inspeccionados: (4, 0), (5, 1), (4, 1), (5, 2), (4, 2), (5, 3)
-----------------------------------------------------------------------------------------------------------------------------
Iteracion 8
Nodos generados: (6, 1), (6, 2), (3, 2), (6, 3), (5, 4), (6, 4), (2, 1), (2, 2)
Nodos inspeccionados: (4, 0), (5, 1), (4, 1), (5, 2), (4, 2), (5, 3), (3, 1)
-----------------------------------------------------------------------------------------------------------------------------
Iteracion 9
Nodos generados: (6, 1), (6, 2), (3, 2), (6, 3), (6, 4), (2, 1), (2, 2), (5, 5), (6, 5)
Nodos inspeccionados: (4, 0), (5, 1), (4, 1), (5, 2), (4, 2), (5, 3), (3, 1), (5, 4)
-----------------------------------------------------------------------------------------------------------------------------
Iteracion 10
Nodos generados: (6, 1), (3, 2), (6, 3), (6, 4), (2, 1), (2, 2), (5, 5), (6, 5), (7, 2), (7, 1)
Nodos inspeccionados: (4, 0), (5, 1), (4, 1), (5, 2), (4, 2), (5, 3), (3, 1), (5, 4), (6, 2)
-----------------------------------------------------------------------------------------------------------------------------
Iteracion 11
Nodos generados: (3, 2), (6, 3), (6, 4), (2, 1), (2, 2), (5, 5), (6, 5), (7, 2), (7, 1)
Nodos inspeccionados: (4, 0), (5, 1), (4, 1), (5, 2), (4, 2), (5, 3), (3, 1), (5, 4), (6, 2), (6, 1)
-----------------------------------------------------------------------------------------------------------------------------
Iteracion 12
Nodos generados: (6, 3), (6, 4), (2, 1), (2, 2), (5, 5), (6, 5), (7, 2), (7, 1)
Nodos inspeccionados: (4, 0), (5, 1), (4, 1), (5, 2), (4, 2), (5, 3), (3, 1), (5, 4), (6, 2), (6, 1), (3, 2)
-----------------------------------------------------------------------------------------------------------------------------
Iteracion 13
Nodos generados: (6, 3), (6, 4), (2, 1), (2, 2), (6, 5), (7, 2), (7, 1), (5, 6), (6, 6)
Nodos inspeccionados: (4, 0), (5, 1), (4, 1), (5, 2), (4, 2), (5, 3), (3, 1), (5, 4), (6, 2), (6, 1), (3, 2), (5, 5)
-----------------------------------------------------------------------------------------------------------------------------
Iteracion 14
Nodos generados: (6, 4), (2, 1), (2, 2), (6, 5), (7, 2), (7, 1), (5, 6), (6, 6)
Nodos inspeccionados: (4, 0), (5, 1), (4, 1), (5, 2), (4, 2), (5, 3), (3, 1), (5, 4), (6, 2), (6, 1), (3, 2), (5, 5), (6, 3)
-----------------------------------------------------------------------------------------------------------------------------
Iteracion 15
Nodos generados: (6, 4), (2, 1), (2, 2), (6, 5), (7, 2), (7, 1), (6, 6), (5, 7), (4, 7), (6, 7)
Nodos inspeccionados: (4, 0), (5, 1), (4, 1), (5, 2), (4, 2), (5, 3), (3, 1), (5, 4), (6, 2), (6, 1), (3, 2), (5, 5), (6, 3), (5, 6)
-----------------------------------------------------------------------------------------------------------------------------
Iteracion 16
Nodos generados: (2, 1), (2, 2), (6, 5), (7, 2), (7, 1), (6, 6), (5, 7), (4, 7), (6, 7)
Nodos inspeccionados: (4, 0), (5, 1), (4, 1), (5, 2), (4, 2), (5, 3), (3, 1), (5, 4), (6, 2), (6, 1), (3, 2), (5, 5), (6, 3), (5, 6), (6, 4)
-----------------------------------------------------------------------------------------------------------------------------
Iteracion 17
Nodos generados: (2, 1), (2, 2), (6, 5), (7, 2), (7, 1), (6, 6), (4, 7), (6, 7), (5, 8), (4, 8), (6, 8)
Nodos inspeccionados: (4, 0), (5, 1), (4, 1), (5, 2), (4, 2), (5, 3), (3, 1), (5, 4), (6, 2), (6, 1), (3, 2), (5, 5), (6, 3), (5, 6), (6, 4), (5, 7)
-----------------------------------------------------------------------------------------------------------------------------
Iteracion 18
Nodos generados: (2, 1), (6, 5), (7, 2), (7, 1), (6, 6), (4, 7), (6, 7), (5, 8), (4, 8), (6, 8), (1, 2), (1, 1)
Nodos inspeccionados: (4, 0), (5, 1), (4, 1), (5, 2), (4, 2), (5, 3), (3, 1), (5, 4), (6, 2), (6, 1), (3, 2), (5, 5), (6, 3), (5, 6), (6, 4), (5, 7), (2, 2)
-----------------------------------------------------------------------------------------------------------------------------
Iteracion 19
Nodos generados: (2, 1), (7, 2), (7, 1), (6, 6), (4, 7), (6, 7), (5, 8), (4, 8), (6, 8), (1, 2), (1, 1)
Nodos inspeccionados: (4, 0), (5, 1), (4, 1), (5, 2), (4, 2), (5, 3), (3, 1), (5, 4), (6, 2), (6, 1), (3, 2), (5, 5), (6, 3), (5, 6), (6, 4), (5, 7), (2, 2), (6, 5)
-----------------------------------------------------------------------------------------------------------------------------
Iteracion 20
Nodos generados: (7, 2), (7, 1), (6, 6), (4, 7), (6, 7), (5, 8), (4, 8), (6, 8), (1, 2), (1, 1)
Nodos inspeccionados: (4, 0), (5, 1), (4, 1), (5, 2), (4, 2), (5, 3), (3, 1), (5, 4), (6, 2), (6, 1), (3, 2), (5, 5), (6, 3), (5, 6), (6, 4), (5, 7), (2, 2), (6, 5), (2, 1)
-----------------------------------------------------------------------------------------------------------------------------
Iteracion 21
Nodos generados: (7, 2), (7, 1), (6, 6), (4, 7), (6, 7), (4, 8), (6, 8), (1, 2), (1, 1), (5, 9)
Nodos inspeccionados: (4, 0), (5, 1), (4, 1), (5, 2), (4, 2), (5, 3), (3, 1), (5, 4), (6, 2), (6, 1), (3, 2), (5, 5), (6, 3), (5, 6), (6, 4), (5, 7), (2, 2), (6, 5), (2, 1), (5, 8)
-----------------------------------------------------------------------------------------------------------------------------
Iteracion 22
Nodos generados: (7, 1), (6, 6), (4, 7), (6, 7), (4, 8), (6, 8), (1, 2), (1, 1), (5, 9), (8, 2), (8, 1)
Nodos inspeccionados: (4, 0), (5, 1), (4, 1), (5, 2), (4, 2), (5, 3), (3, 1), (5, 4), (6, 2), (6, 1), (3, 2), (5, 5), (6, 3), (5, 6), (6, 4), (5, 7), (2, 2), (6, 5), (2, 1), (5, 8), (7, 2)
-----------------------------------------------------------------------------------------------------------------------------
Iteracion 23
Nodos generados: (7, 1), (4, 7), (6, 7), (4, 8), (6, 8), (1, 2), (1, 1), (5, 9), (8, 2), (8, 1), (7, 7)
Nodos inspeccionados: (4, 0), (5, 1), (4, 1), (5, 2), (4, 2), (5, 3), (3, 1), (5, 4), (6, 2), (6, 1), (3, 2), (5, 5), (6, 3), (5, 6), (6, 4), (5, 7), (2, 2), (6, 5), (2, 1), (5, 8), (7, 2), (6, 6)
-----------------------------------------------------------------------------------------------------------------------------
Iteracion 24
Nodos generados: (4, 7), (6, 7), (4, 8), (6, 8), (1, 2), (1, 1), (5, 9), (8, 2), (8, 1), (7, 7)
Nodos inspeccionados: (4, 0), (5, 1), (4, 1), (5, 2), (4, 2), (5, 3), (3, 1), (5, 4), (6, 2), (6, 1), (3, 2), (5, 5), (6, 3), (5, 6), (6, 4), (5, 7), (2, 2), (6, 5), (2, 1), (5, 8), (7, 2), (6, 6), (7, 1)
-----------------------------------------------------------------------------------------------------------------------------
Iteracion 25
Nodos generados: (4, 7), (6, 7), (4, 8), (6, 8), (1, 2), (1, 1), (8, 2), (8, 1), (7, 7)
Nodos inspeccionados: (4, 0), (5, 1), (4, 1), (5, 2), (4, 2), (5, 3), (3, 1), (5, 4), (6, 2), (6, 1), (3, 2), (5, 5), (6, 3), (5, 6), (6, 4), (5, 7), (2, 2), (6, 5), (2, 1), (5, 8), (7, 2), (6, 6), (7, 1), (5, 9)
-----------------------------------------------------------------------------------------------------------------------------

=========================================
         Tabla de Resultados de A*       
=========================================

Número de Filas:                 11
Número de Columnas:              10
Posición Celda de Entrada:       (4, 0)
Posición Celda de Salida:        (5, 9)

Camino Encontrado:              (4, 0) -> (5, 1) -> (5, 2) -> (5, 3) -> (5, 4) -> (5, 5) -> (5, 6) -> (5, 7) -> (5, 8) -> (5, 9)
Coste del Camino:                47
Número de Nodos Generados:       33
Número de Nodos Inspeccionados:  24
=========================================

1 1 1 1 1 1 1 1 1 1 
1 0 0 1 0 0 0 0 0 1 
1 0 0 1 0 0 0 0 0 1 
1 0 0 1 0 0 1 0 0 1 
* 0 0 1 1 1 1 0 0 1 
1 * * * * * * * * * 
1 0 0 0 0 0 0 0 0 1 
1 0 0 1 1 1 1 0 0 1 
1 0 0 1 0 0 0 0 0 1 
1 0 0 1 0 0 0 0 0 1 
1 1 1 1 1 1 1 1 1 1 
Iteracion 1
Nodos generados: (4, 0)
Nodos inspeccionados: 
-----------------------------------------------------------------------------------------------------------------------------
Iteracion 2
Nodos generados: (4, 1), (3, 1), (5, 1)
Nodos inspeccionados: (4, 0)
-----------------------------------------------------------------------------------------------------------------------------
Iteracion 3
Nodos generados: (3, 1), (5, 1), (4, 2), (3, 2), (5, 2)
Nodos inspeccionados: (4, 0), (4, 1)
-----------------------------------------------------------------------------------------------------------------------------
Iteracion 4
Nodos generados: (5, 1), (4, 2), (3, 2), (5, 2), (2, 1), (2, 2)
Nodos inspeccionados: (4, 0), (4, 1), (3, 1)
-----------------------------------------------------------------------------------------------------------------------------
Iteracion 5
Nodos generados: (4, 2), (3, 2), (5, 2), (2, 1), (2, 2), (6, 1), (6, 2)
Nodos inspeccionados: (4, 0), (4, 1), (3, 1), (5, 1)
-----------------------------------------------------------------------------------------------------------------------------
Iteracion 6
Nodos generados: (3, 2), (5, 2), (2, 1), (2, 2), (6, 1), (6, 2), (5, 3)
Nodos inspeccionados: (4, 0), (4, 1), (3, 1), (5, 1), (4, 2)
-----------------------------------------------------------------------------------------------------------------------------
Iteracion 7
Nodos generados: (5, 2), (2, 1), (2, 2), (6, 1), (6, 2), (5, 3)
Nodos inspeccionados: (4, 0), (4, 1), (3, 1), (5, 1), (4, 2), (3, 2)
-----------------------------------------------------------------------------------------------------------------------------
Iteracion 8
Nodos generados: (2, 1), (2, 2), (6, 1), (6, 2), (5, 3), (6, 3)
Nodos inspeccionados: (4, 0), (4, 1), (3, 1), (5, 1), (4, 2), (3, 2), (5, 2)
-----------------------------------------------------------------------------------------------------------------------------
Iteracion 9
Nodos generados: (2, 1), (2, 2), (6, 1), (5, 3), (6, 3), (7, 2), (7, 1)
Nodos inspeccionados: (4, 0), (4, 1), (3, 1), (5, 1), (4, 2), (3, 2), (5, 2), (6, 2)
-----------------------------------------------------------------------------------------------------------------------------
Iteracion 10
Nodos generados: (2, 1), (2, 2), (6, 1), (6, 3), (7, 2), (7, 1), (5, 4), (6, 4)
Nodos inspeccionados: (4, 0), (4, 1), (3, 1), (5, 1), (4, 2), (3, 2), (5, 2), (6, 2), (5, 3)
-----------------------------------------------------------------------------------------------------------------------------
Iteracion 11
Nodos generados: (2, 1), (6, 1), (6, 3), (7, 2), (7, 1), (5, 4), (6, 4), (1, 2), (1, 1)
Nodos inspeccionados: (4, 0), (4, 1), (3, 1), (5, 1), (4, 2), (3, 2), (5, 2), (6, 2), (5, 3), (2, 2)
-----------------------------------------------------------------------------------------------------------------------------
Iteracion 12
Nodos generados: (2, 1), (6, 3), (7, 2), (7, 1), (5, 4), (6, 4), (1, 2), (1, 1)
Nodos inspeccionados: (4, 0), (4, 1), (3, 1), (5, 1), (4, 2), (3, 2), (5, 2), (6, 2), (5, 3), (2, 2), (6, 1)
-----------------------------------------------------------------------------------------------------------------------------
Iteracion 13
Nodos generados: (6, 3), (7, 2), (7, 1), (5, 4), (6, 4), (1, 2), (1, 1)
Nodos inspeccionados: (4, 0), (4, 1), (3, 1), (5, 1), (4, 2), (3, 2), (5, 2), (6, 2), (5, 3), (2, 2), (6, 1), (2, 1)
-----------------------------------------------------------------------------------------------------------------------------
Iteracion 14
Nodos generados: (7, 2), (7, 1), (5, 4), (6, 4), (1, 2), (1, 1)
Nodos inspeccionados: (4, 0), (4, 1), (3, 1), (5, 1), (4, 2), (3, 2), (5, 2), (6, 2), (5, 3), (2, 2), (6, 1), (2, 1), (6, 3)
-----------------------------------------------------------------------------------------------------------------------------
Iteracion 15
Nodos generados: (7, 2), (7, 1), (6, 4), (1, 2), (1, 1), (5, 5), (6, 5)
Nodos inspeccionados: (4, 0), (4, 1), (3, 1), (5, 1), (4, 2), (3, 2), (5, 2), (6, 2), (5, 3), (2, 2), (6, 1), (2, 1), (6, 3), (5, 4)
-----------------------------------------------------------------------------------------------------------------------------
Iteracion 16
Nodos generados: (7, 2), (7, 1), (1, 2), (1, 1), (5, 5), (6, 5)
Nodos inspeccionados: (4, 0), (4, 1), (3, 1), (5, 1), (4, 2), (3, 2), (5, 2), (6, 2), (5, 3), (2, 2), (6, 1), (2, 1), (6, 3), (5, 4), (6, 4)
-----------------------------------------------------------------------------------------------------------------------------
Iteracion 17
Nodos generados: (7, 2), (7, 1), (1, 2), (1, 1), (6, 5), (5, 6), (6, 6)
Nodos inspeccionados: (4, 0), (4, 1), (3, 1), (5, 1), (4, 2), (3, 2), (5, 2), (6, 2), (5, 3), (2, 2), (6, 1), (2, 1), (6, 3), (5, 4), (6, 4), (5, 5)
-----------------------------------------------------------------------------------------------------------------------------
Iteracion 18
Nodos generados: (7, 1), (1, 2), (1, 1), (6, 5), (5, 6), (6, 6), (8, 2), (8, 1)
Nodos inspeccionados: (4, 0), (4, 1), (3, 1), (5, 1), (4, 2), (3, 2), (5, 2), (6, 2), (5, 3), (2, 2), (6, 1), (2, 1), (6, 3), (5, 4), (6, 4), (5, 5), (7, 2)
-----------------------------------------------------------------------------------------------------------------------------
Iteracion 19
Nodos generados: (1, 2), (1, 1), (6, 5), (5, 6), (6, 6), (8, 2), (8, 1)
Nodos inspeccionados: (4, 0), (4, 1), (3, 1), (5, 1), (4, 2), (3, 2), (5, 2), (6, 2), (5, 3), (2, 2), (6, 1), (2, 1), (6, 3), (5, 4), (6, 4), (5, 5), (7, 2), (7, 1)
-----------------------------------------------------------------------------------------------------------------------------
Iteracion 20
Nodos generados: (1, 2), (1, 1), (5, 6), (6, 6), (8, 2), (8, 1)
Nodos inspeccionados: (4, 0), (4, 1), (3, 1), (5, 1), (4, 2), (3, 2), (5, 2), (6, 2), (5, 3), (2, 2), (6, 1), (2, 1), (6, 3), (5, 4), (6, 4), (5, 5), (7, 2), (7, 1), (6, 5)
-----------------------------------------------------------------------------------------------------------------------------
Iteracion 21
Nodos generados: (1, 2), (1, 1), (6, 6), (8, 2), (8, 1), (5, 7), (4, 7), (6, 7)
Nodos inspeccionados: (4, 0), (4, 1), (3, 1), (5, 1), (4, 2), (3, 2), (5, 2), (6, 2), (5, 3), (2, 2), (6, 1), (2, 1), (6, 3), (5, 4), (6, 4), (5, 5), (7, 2), (7, 1), (6, 5), (5, 6)
-----------------------------------------------------------------------------------------------------------------------------
Iteracion 22
Nodos generados: (1, 1), (6, 6), (8, 2), (8, 1), (5, 7), (4, 7), (6, 7)
Nodos inspeccionados: (4, 0), (4, 1), (3, 1), (5, 1), (4, 2), (3, 2), (5, 2), (6, 2), (5, 3), (2, 2), (6, 1), (2, 1), (6, 3), (5, 4), (6, 4), (5, 5), (7, 2), (7, 1), (6, 5), (5, 6), (1, 2)
-----------------------------------------------------------------------------------------------------------------------------
Iteracion 23
Nodos generados: (6, 6), (8, 2), (8, 1), (5, 7), (4, 7), (6, 7)
Nodos inspeccionados: (4, 0), (4, 1), (3, 1), (5, 1), (4, 2), (3, 2), (5, 2), (6, 2), (5, 3), (2, 2), (6, 1), (2, 1), (6, 3), (5, 4), (6, 4), (5, 5), (7, 2), (7, 1), (6, 5), (5, 6), (1, 2), (1, 1)
-----------------------------------------------------------------------------------------------------------------------------
Iteracion 24
Nodos generados: (8, 2), (8, 1), (5, 7), (4, 7), (6, 7), (7, 7)
Nodos inspeccionados: (4, 0), (4, 1), (3, 1), (5, 1), (4, 2), (3, 2), (5, 2), (6, 2), (5, 3), (2, 2), (6, 1), (2, 1), (6, 3), (5, 4), (6, 4), (5, 5), (7, 2), (7, 1), (6, 5), (5, 6), (1, 2), (1, 1), (6, 6)
-----------------------------------------------------------------------------------------------------------------------------
Iteracion 25
Nodos generados: (8, 2), (8, 1), (4, 7), (6, 7), (7, 7), (5, 8), (4, 8), (6, 8)
Nodos inspeccionados: (4, 0), (4, 1), (3, 1), (5, 1), (4, 2), (3, 2), (5, 2), (6, 2), (5, 3), (2, 2), (6, 1), (2, 1), (6, 3), (5, 4), (6, 4), (5, 5), (7, 2), (7, 1), (6, 5), (5, 6), (1, 2), (1, 1), (6, 6), (5, 7)
-----------------------------------------------------------------------------------------------------------------------------
Iteracion 26
Nodos generados: (8, 2), (8, 1), (6, 7), (7, 7), (5, 8), (4, 8), (6, 8), (3, 7), (3, 8)
Nodos inspeccionados: (4, 0), (4, 1), (3, 1), (5, 1), (4, 2), (3, 2), (5, 2), (6, 2), (5, 3), (2, 2), (6, 1), (2, 1), (6, 3), (5, 4), (6, 4), (5, 5), (7, 2), (7, 1), (6, 5), (5, 6), (1, 2), (1, 1), (6, 6), (5, 7), (4, 7)
-----------------------------------------------------------------------------------------------------------------------------
Iteracion 27
Nodos generados: (8, 2), (8, 1), (7, 7), (5, 8), (4, 8), (6, 8), (3, 7), (3, 8), (7, 8)
Nodos inspeccionados: (4, 0), (4, 1), (3, 1), (5, 1), (4, 2), (3, 2), (5, 2), (6, 2), (5, 3), (2, 2), (6, 1), (2, 1), (6, 3), (5, 4), (6, 4), (5, 5), (7, 2), (7, 1), (6, 5), (5, 6), (1, 2), (1, 1), (6, 6), (5, 7), (4, 7), (6, 7)
-----------------------------------------------------------------------------------------------------------------------------
Iteracion 28
Nodos generados: (8, 2), (8, 1), (7, 7), (4, 8), (6, 8), (3, 7), (3, 8), (7, 8), (5, 9)
Nodos inspeccionados: (4, 0), (4, 1), (3, 1), (5, 1), (4, 2), (3, 2), (5, 2), (6, 2), (5, 3), (2, 2), (6, 1), (2, 1), (6, 3), (5, 4), (6, 4), (5, 5), (7, 2), (7, 1), (6, 5), (5, 6), (1, 2), (1, 1), (6, 6), (5, 7), (4, 7), (6, 7), (5, 8)
-----------------------------------------------------------------------------------------------------------------------------
Iteracion 29
Nodos generados: (8, 1), (7, 7), (4, 8), (6, 8), (3, 7), (3, 8), (7, 8), (5, 9), (9, 2), (9, 1)
Nodos inspeccionados: (4, 0), (4, 1), (3, 1), (5, 1), (4, 2), (3, 2), (5, 2), (6, 2), (5, 3), (2, 2), (6, 1), (2, 1), (6, 3), (5, 4), (6, 4), (5, 5), (7, 2), (7, 1), (6, 5), (5, 6), (1, 2), (1, 1), (6, 6), (5, 7), (4, 7), (6, 7), (5, 8), (8, 2)
-----------------------------------------------------------------------------------------------------------------------------
Iteracion 30
Nodos generados: (7, 7), (4, 8), (6, 8), (3, 7), (3, 8), (7, 8), (5, 9), (9, 2), (9, 1)
Nodos inspeccionados: (4, 0), (4, 1), (3, 1), (5, 1), (4, 2), (3, 2), (5, 2), (6, 2), (5, 3), (2, 2), (6, 1), (2, 1), (6, 3), (5, 4), (6, 4), (5, 5), (7, 2), (7, 1), (6, 5), (5, 6), (1, 2), (1, 1), (6, 6), (5, 7), (4, 7), (6, 7), (5, 8), (8, 2), (8, 1)
-----------------------------------------------------------------------------------------------------------------------------
Iteracion 31
Nodos generados: (7, 7), (4, 8), (6, 8), (3, 7), (3, 8), (7, 8), (9, 2), (9, 1)
Nodos inspeccionados: (4, 0), (4, 1), (3, 1), (5, 1), (4, 2), (3, 2), (5, 2), (6, 2), (5, 3), (2, 2), (6, 1), (2, 1), (6, 3), (5, 4), (6, 4), (5, 5), (7, 2), (7, 1), (6, 5), (5, 6), (1, 2), (1, 1), (6, 6), (5, 7), (4, 7), (6, 7), (5, 8), (8, 2), (8, 1), (5, 9)
-----------------------------------------------------------------------------------------------------------------------------

=========================================
         Tabla de Resultados de A*       
=========================================

Número de Filas:                 11
Número de Columnas:              10
Posición Celda de Entrada:       (4, 0)
Posición Celda de Salida:        (5, 9)

Camino Encontrado:              (4, 0) -> (4, 1) -> (4, 2) -> (5, 3) -> (5, 4) -> (5, 5) -> (5, 6) -> (5, 7) -> (5, 8) -> (5, 9)
Coste del Camino:                47
Número de Nodos Generados:       71
Número de Nodos Inspeccionados:  54
=========================================

1 1 1 1 1 1 1 1 1 1 
1 0 0 1 0 0 0 0 0 1 
1 0 0 1 0 0 0 0 0 1 
1 0 0 1 0 0 1 0 0 1 
* * * 1 1 1 1 0 0 1 
1 0 0 * * * * * * * 
1 0 0 0 0 0 0 0 0 1 
1 0 0 1 1 1 1 0 0 1 
1 0 0 1 0 0 0 0 0 1 
1 0 0 1 0 0 0 0 0 1 
1 1 1 1 1 1 1 1 1 1 
Iteracion 1
Nodos generados: (4, 0)
Nodos inspeccionados: 
-----------------------------------------------------------------------------------------------------------------------------
Iteracion 2
Nodos generados: (4, 1), (3, 1), (5, 1)
Nodos inspeccionados: (4, 0)
-----------------------------------------------------------------------------------------------------------------------------
Iteracion 3
Nodos generados: (3, 1), (5, 1), (4, 2), (3, 2), (5, 2)
Nodos inspeccionados: (4, 0), (4, 1)
-----------------------------------------------------------------------------------------------------------------------------
Iteracion 4
Nodos generados: (5, 1), (4, 2), (3, 2), (5, 2), (2, 1), (2, 2)
Nodos inspeccionados: (4, 0), (4, 1), (3, 1)
-----------------------------------------------------------------------------------------------------------------------------
Iteracion 5
Nodos generados: (4, 2), (3, 2), (5, 2), (2, 1), (2, 2), (6, 1), (6, 2)
Nodos inspeccionados: (4, 0), (4, 1), (3, 1), (5, 1)
-----------------------------------------------------------------------------------------------------------------------------
Iteracion 6
Nodos generados: (3, 2), (5, 2), (2, 1), (2, 2), (6, 1), (6, 2), (5, 3)
Nodos inspeccionados: (4, 0), (4, 1), (3, 1), (5, 1), (4, 2)
-----------------------------------------------------------------------------------------------------------------------------
Iteracion 7
Nodos generados: (5, 2), (2, 1), (2, 2), (6, 1), (6, 2), (5, 3)
Nodos inspeccionados: (4, 0), (4, 1), (3, 1), (5, 1), (4, 2), (3, 2)
-----------------------------------------------------------------------------------------------------------------------------
Iteracion 8
Nodos generados: (2, 1), (2, 2), (6, 1), (6, 2), (5, 3), (6, 3)
Nodos inspeccionados: (4, 0), (4, 1), (3, 1), (5, 1), (4, 2), (3, 2), (5, 2)
-----------------------------------------------------------------------------------------------------------------------------
Iteracion 9
Nodos generados: (2, 1), (6, 1), (6, 2), (5, 3), (6, 3), (1, 2), (1, 1)
Nodos inspeccionados: (4, 0), (4, 1), (3, 1), (5, 1), (4, 2), (3, 2), (5, 2), (2, 2)
-----------------------------------------------------------------------------------------------------------------------------
Iteracion 10
Nodos generados: (2, 1), (6, 1), (5, 3), (6, 3), (1, 2), (1, 1), (7, 2), (7, 1)
Nodos inspeccionados: (4, 0), (4, 1), (3, 1), (5, 1), (4, 2), (3, 2), (5, 2), (2, 2), (6, 2)
-----------------------------------------------------------------------------------------------------------------------------
Iteracion 11
Nodos generados: (2, 1), (6, 1), (6, 3), (1, 2), (1, 1), (7, 2), (7, 1), (5, 4), (6, 4)
Nodos inspeccionados: (4, 0), (4, 1), (3, 1), (5, 1), (4, 2), (3, 2), (5, 2), (2, 2), (6, 2), (5, 3)
-----------------------------------------------------------------------------------------------------------------------------
Iteracion 12
Nodos generados: (6, 1), (6, 3), (1, 2), (1, 1), (7, 2), (7, 1), (5, 4), (6, 4)
Nodos inspeccionados: (4, 0), (4, 1), (3, 1), (5, 1), (4, 2), (3, 2), (5, 2), (2, 2), (6, 2), (5, 3), (2, 1)
-----------------------------------------------------------------------------------------------------------------------------
Iteracion 13
Nodos generados: (6, 3), (1, 2), (1, 1), (7, 2), (7, 1), (5, 4), (6, 4)
Nodos inspeccionados: (4, 0), (4, 1), (3, 1), (5, 1), (4, 2), (3, 2), (5, 2), (2, 2), (6, 2), (5, 3), (2, 1), (6, 1)
-----------------------------------------------------------------------------------------------------------------------------
Iteracion 14
Nodos generados: (1, 2), (1, 1), (7, 2), (7, 1), (5, 4), (6, 4)
Nodos inspeccionados: (4, 0), (4, 1), (3, 1), (5, 1), (4, 2), (3, 2), (5, 2), (2, 2), (6, 2), (5, 3), (2, 1), (6, 1), (6, 3)
-----------------------------------------------------------------------------------------------------------------------------
Iteracion 15
Nodos generados: (1, 2), (1, 1), (7, 2), (7, 1), (6, 4), (5, 5), (6, 5)
Nodos inspeccionados: (4, 0), (4, 1), (3, 1), (5, 1), (4, 2), (3, 2), (5, 2), (2, 2), (6, 2), (5, 3), (2, 1), (6, 1), (6, 3), (5, 4)
-----------------------------------------------------------------------------------------------------------------------------
Iteracion 16
Nodos generados: (1, 2), (1, 1), (7, 2), (7, 1), (5, 5), (6, 5)
Nodos inspeccionados: (4, 0), (4, 1), (3, 1), (5, 1), (4, 2), (3, 2), (5, 2), (2, 2), (6, 2), (5, 3), (2, 1), (6, 1), (6, 3), (5, 4), (6, 4)
-----------------------------------------------------------------------------------------------------------------------------
Iteracion 17
Nodos generados: (1, 2), (1, 1), (7, 2), (7, 1), (6, 5), (5, 6), (6, 6)
Nodos inspeccionados: (4, 0), (4, 1), (3, 1), (5, 1), (4, 2), (3, 2), (5, 2), (2, 2), (6, 2), (5, 3), (2, 1), (6, 1), (6, 3), (5, 4), (6, 4), (5, 5)
-----------------------------------------------------------------------------------------------------------------------------
Iteracion 18
Nodos generados: (1, 1), (7, 2), (7, 1), (6, 5), (5, 6), (6, 6)
Nodos inspeccionados: (4, 0), (4, 1), (3, 1), (5, 1), (4, 2), (3, 2), (5, 2), (2, 2), (6, 2), (5, 3), (2, 1), (6, 1), (6, 3), (5, 4), (6, 4), (5, 5), (1, 2)
-----------------------------------------------------------------------------------------------------------------------------
Iteracion 19
Nodos generados: (1, 1), (7, 1), (6, 5), (5, 6), (6, 6), (8, 2), (8, 1)
Nodos inspeccionados: (4, 0), (4, 1), (3, 1), (5, 1), (4, 2), (3, 2), (5, 2), (2, 2), (6, 2), (5, 3), (2, 1), (6, 1), (6, 3), (5, 4), (6, 4), (5, 5), (1, 2), (7, 2)
-----------------------------------------------------------------------------------------------------------------------------
Iteracion 20
Nodos generados: (7, 1), (6, 5), (5, 6), (6, 6), (8, 2), (8, 1)
Nodos inspeccionados: (4, 0), (4, 1), (3, 1), (5, 1), (4, 2), (3, 2), (5, 2), (2, 2), (6, 2), (5, 3), (2, 1), (6, 1), (6, 3), (5, 4), (6, 4), (5, 5), (1, 2), (7, 2), (1, 1)
-----------------------------------------------------------------------------------------------------------------------------
Iteracion 21
Nodos generados: (6, 5), (5, 6), (6, 6), (8, 2), (8, 1)
Nodos inspeccionados: (4, 0), (4, 1), (3, 1), (5, 1), (4, 2), (3, 2), (5, 2), (2, 2), (6, 2), (5, 3), (2, 1), (6, 1), (6, 3), (5, 4), (6, 4), (5, 5), (1, 2), (7, 2), (1, 1), (7, 1)
-----------------------------------------------------------------------------------------------------------------------------
Iteracion 22
Nodos generados: (5, 6), (6, 6), (8, 2), (8, 1)
Nodos inspeccionados: (4, 0), (4, 1), (3, 1), (5, 1), (4, 2), (3, 2), (5, 2), (2, 2), (6, 2), (5, 3), (2, 1), (6, 1), (6, 3), (5, 4), (6, 4), (5, 5), (1, 2), (7, 2), (1, 1), (7, 1), (6, 5)
-----------------------------------------------------------------------------------------------------------------------------
Iteracion 23
Nodos generados: (6, 6), (8, 2), (8, 1), (5, 7), (4, 7), (6, 7)
Nodos inspeccionados: (4, 0), (4, 1), (3, 1), (5, 1), (4, 2), (3, 2), (5, 2), (2, 2), (6, 2), (5, 3), (2, 1), (6, 1), (6, 3), (5, 4), (6, 4), (5, 5), (1, 2), (7, 2), (1, 1), (7, 1), (6, 5), (5, 6)
-----------------------------------------------------------------------------------------------------------------------------
Iteracion 24
Nodos generados: (8, 2), (8, 1), (5, 7), (4, 7), (6, 7), (7, 7)
Nodos inspeccionados: (4, 0), (4, 1), (3, 1), (5, 1), (4, 2), (3, 2), (5, 2), (2, 2), (6, 2), (5, 3), (2, 1), (6, 1), (6, 3), (5, 4), (6, 4), (5, 5), (1, 2), (7, 2), (1, 1), (7, 1), (6, 5), (5, 6), (6, 6)
-----------------------------------------------------------------------------------------------------------------------------
Iteracion 25
Nodos generados: (8, 2), (8, 1), (4, 7), (6, 7), (7, 7), (5, 8), (4, 8), (6, 8)
Nodos inspeccionados: (4, 0), (4, 1), (3, 1), (5, 1), (4, 2), (3, 2), (5, 2), (2, 2), (6, 2), (5, 3), (2, 1), (6, 1), (6, 3), (5, 4), (6, 4), (5, 5), (1, 2), (7, 2), (1, 1), (7, 1), (6, 5), (5, 6), (6, 6), (5, 7)
-----------------------------------------------------------------------------------------------------------------------------
Iteracion 26
Nodos generados: (8, 1), (4, 7), (6, 7), (7, 7), (5, 8), (4, 8), (6, 8), (9, 2), (9, 1)
Nodos inspeccionados: (4, 0), (4, 1), (3, 1), (5, 1), (4, 2), (3, 2), (5, 2), (2, 2), (6, 2), (5, 3), (2, 1), (6, 1), (6, 3), (5, 4), (6, 4), (5, 5), (1, 2), (7, 2), (1, 1), (7, 1), (6, 5), (5, 6), (6, 6), (5, 7), (8, 2)
-----------------------------------------------------------------------------------------------------------------------------
Iteracion 27
Nodos generados: (8, 1), (6, 7), (7, 7), (5, 8), (4, 8), (6, 8), (9, 2), (9, 1), (3, 7), (3, 8)
Nodos inspeccionados: (4, 0), (4, 1), (3, 1), (5, 1), (4, 2), (3, 2), (5, 2), (2, 2), (6, 2), (5, 3), (2, 1), (6, 1), (6, 3), (5, 4), (6, 4), (5, 5), (1, 2), (7, 2), (1, 1), (7, 1), (6, 5), (5, 6), (6, 6), (5, 7), (8, 2), (4, 7)
-----------------------------------------------------------------------------------------------------------------------------
Iteracion 28
Nodos generados: (8, 1), (7, 7), (5, 8), (4, 8), (6, 8), (9, 2), (9, 1), (3, 7), (3, 8), (7, 8)
Nodos inspeccionados: (4, 0), (4, 1), (3, 1), (5, 1), (4, 2), (3, 2), (5, 2), (2, 2), (6, 2), (5, 3), (2, 1), (6, 1), (6, 3), (5, 4), (6, 4), (5, 5), (1, 2), (7, 2), (1, 1), (7, 1), (6, 5), (5, 6), (6, 6), (5, 7), (8, 2), (4, 7), (6, 7)
-----------------------------------------------------------------------------------------------------------------------------
Iteracion 29
Nodos generados: (8, 1), (7, 7), (4, 8), (6, 8), (9, 2), (9, 1), (3, 7), (3, 8), (7, 8), (5, 9)
Nodos inspeccionados: (4, 0), (4, 1), (3, 1), (5, 1), (4, 2), (3, 2), (5, 2), (2, 2), (6, 2), (5, 3), (2, 1), (6, 1), (6, 3), (5, 4), (6, 4), (5, 5), (1, 2), (7, 2), (1, 1), (7, 1), (6, 5), (5, 6), (6, 6), (5, 7), (8, 2), (4, 7), (6, 7), (5, 8)
-----------------------------------------------------------------------------------------------------------------------------
Iteracion 30
Nodos generados: (7, 7), (4, 8), (6, 8), (9, 2), (9, 1), (3, 7), (3, 8), (7, 8), (5, 9)
Nodos inspeccionados: (4, 0), (4, 1), (3, 1), (5, 1), (4, 2), (3, 2), (5, 2), (2, 2), (6, 2), (5, 3), (2, 1), (6, 1), (6, 3), (5, 4), (6, 4), (5, 5), (1, 2), (7, 2), (1, 1), (7, 1), (6, 5), (5, 6), (6, 6), (5, 7), (8, 2), (4, 7), (6, 7), (5, 8), (8, 1)
-----------------------------------------------------------------------------------------------------------------------------
Iteracion 31
Nodos generados: (4, 8), (6, 8), (9, 2), (9, 1), (3, 7), (3, 8), (7, 8), (5, 9), (8, 7), (8, 6), (8, 8)
Nodos inspeccionados: (4, 0), (4, 1), (3, 1), (5, 1), (4, 2), (3, 2), (5, 2), (2, 2), (6, 2), (5, 3), (2, 1), (6, 1), (6, 3), (5, 4), (6, 4), (5, 5), (1, 2), (7, 2), (1, 1), (7, 1), (6, 5), (5, 6), (6, 6), (5, 7), (8, 2), (4, 7), (6, 7), (5, 8), (8, 1), (7, 7)
-----------------------------------------------------------------------------------------------------------------------------
Iteracion 32
Nodos generados: (6, 8), (9, 2), (9, 1), (3, 7), (3, 8), (7, 8), (5, 9), (8, 7), (8, 6), (8, 8)
Nodos inspeccionados: (4, 0), (4, 1), (3, 1), (5, 1), (4, 2), (3, 2), (5, 2), (2, 2), (6, 2), (5, 3), (2, 1), (6, 1), (6, 3), (5, 4), (6, 4), (5, 5), (1, 2), (7, 2), (1, 1), (7, 1), (6, 5), (5, 6), (6, 6), (5, 7), (8, 2), (4, 7), (6, 7), (5, 8), (8, 1), (7, 7), (4, 8)
-----------------------------------------------------------------------------------------------------------------------------
Iteracion 33
Nodos generados: (9, 2), (9, 1), (3, 7), (3, 8), (7, 8), (5, 9), (8, 7), (8, 6), (8, 8)
Nodos inspeccionados: (4, 0), (4, 1), (3, 1), (5, 1), (4, 2), (3, 2), (5, 2), (2, 2), (6, 2), (5, 3), (2, 1), (6, 1), (6, 3), (5, 4), (6, 4), (5, 5), (1, 2), (7, 2), (1, 1), (7, 1), (6, 5), (5, 6), (6, 6), (5, 7), (8, 2), (4, 7), (6, 7), (5, 8), (8, 1), (7, 7), (4, 8), (6, 8)
-----------------------------------------------------------------------------------------------------------------------------
Iteracion 34
Nodos generados: (9, 2), (9, 1), (3, 7), (3, 8), (7, 8), (8, 7), (8, 6), (8, 8)
Nodos inspeccionados: (4, 0), (4, 1), (3, 1), (5, 1), (4, 2), (3, 2), (5, 2), (2, 2), (6, 2), (5, 3), (2, 1), (6, 1), (6, 3), (5, 4), (6, 4), (5, 5), (1, 2), (7, 2), (1, 1), (7, 1), (6, 5), (5, 6), (6, 6), (5, 7), (8, 2), (4, 7), (6, 7), (5, 8), (8, 1), (7, 7), (4, 8), (6, 8), (5, 9)
-----------------------------------------------------------------------------------------------------------------------------

=========================================
         Tabla de Resultados de A*       
=========================================

Número de Filas:                 11
Número de Columnas:              10
Posición Celda de Entrada:       (4, 0)
Posición Celda de Salida:        (5, 9)

Camino Encontrado:              (4, 0) -> (4, 1) -> (4, 2) -> (5, 3) -> (5, 4) -> (5, 5) -> (5, 6) -> (5, 7) -> (5, 8) -> (5, 9)
Coste del Camino:                47
Número de Nodos Generados:       112
Número de Nodos Inspeccionados:  87
=========================================

1 1 1 1 1 1 1 1 1 1 
1 0 0 1 0 0 0 0 0 1 
1 0 0 1 0 0 0 0 0 1 
1 0 0 1 0 0 1 0 0 1 
* * * 1 1 1 1 0 0 1 
1 0 0 * * * * * * * 
1 0 0 0 0 0 0 0 0 1 
1 0 0 1 1 1 1 0 0 1 
1 0 0 1 0 0 0 0 0 1 
1 0 0 1 0 0 0 0 0 1 
1 1 1 1 1 1 1 1 1 1 
