Iteracion 1
Nodos generados: (4, 0)
Nodos inspeccionados: 
-----------------------------------------------------------------------------------------------------------------------------
Iteracion 2
Nodos generados: (4, 1), (3, 1), (5, 1)
Nodos inspeccionados: (4, 0)
-----------------------------------------------------------------------------------------------------------------------------
Iteracion 3
Nodos generados: (4, 1), (3, 1), (6, 1), (5, 2), (4, 2), (6, 2)
Nodos inspeccionados: (4, 0), (5, 1)
-----------------------------------------------------------------------------------------------------------------------------
Iteracion 4
Nodos generados: (3, 1), (6, 1), (5, 2), (4, 2), (6, 2), (3, 2)
Nodos inspeccionados: (4, 0), (5, 1), (4, 1)
-----------------------------------------------------------------------------------------------------------------------------
Iteracion 5
Nodos generados: (3, 1), (6, 1), (5, 2), (4, 2), (3, 2), (7, 2), (6, 3), (5, 3), (7, 1), (7, 3)
Nodos inspeccionados: (4, 0), (5, 1), (4, 1), (6, 2)
-----------------------------------------------------------------------------------------------------------------------------
Iteracion 6
Nodos generados: (3, 1), (5, 2), (4, 2), (3, 2), (7, 2), (6, 3), (5, 3), (7, 1), (7, 3)
Nodos inspeccionados: (4, 0), (5, 1), (4, 1), (6, 2), (6, 1)
-----------------------------------------------------------------------------------------------------------------------------
Iteracion 7
Nodos generados: (3, 1), (4, 2), (3, 2), (7, 2), (6, 3), (5, 3), (7, 1), (7, 3), (4, 3)
Nodos inspeccionados: (4, 0), (5, 1), (4, 1), (6, 2), (6, 1), (5, 2)
-----------------------------------------------------------------------------------------------------------------------------
Iteracion 8
Nodos generados: (3, 1), (4, 2), (3, 2), (7, 2), (6, 3), (5, 3), (7, 1), (4, 3), (8, 3), (8, 2)
Nodos inspeccionados: (4, 0), (5, 1), (4, 1), (6, 2), (6, 1), (5, 2), (7, 3)
-----------------------------------------------------------------------------------------------------------------------------
Iteracion 9
Nodos generados: (3, 1), (3, 2), (7, 2), (6, 3), (5, 3), (7, 1), (4, 3), (8, 3), (8, 2), (3, 3)
Nodos inspeccionados: (4, 0), (5, 1), (4, 1), (6, 2), (6, 1), (5, 2), (7, 3), (4, 2)
-----------------------------------------------------------------------------------------------------------------------------
Iteracion 10
Nodos generados: (3, 1), (3, 2), (6, 3), (5, 3), (7, 1), (4, 3), (8, 3), (8, 2), (3, 3), (8, 1)
Nodos inspeccionados: (4, 0), (5, 1), (4, 1), (6, 2), (6, 1), (5, 2), (7, 3), (4, 2), (7, 2)
-----------------------------------------------------------------------------------------------------------------------------
Iteracion 11
Nodos generados: (3, 1), (3, 2), (5, 3), (7, 1), (4, 3), (8, 3), (8, 2), (3, 3), (8, 1)
Nodos inspeccionados: (4, 0), (5, 1), (4, 1), (6, 2), (6, 1), (5, 2), (7, 3), (4, 2), (7, 2), (6, 3)
-----------------------------------------------------------------------------------------------------------------------------
Iteracion 12
Nodos generados: (3, 1), (3, 2), (7, 1), (4, 3), (8, 3), (8, 2), (3, 3), (8, 1)
Nodos inspeccionados: (4, 0), (5, 1), (4, 1), (6, 2), (6, 1), (5, 2), (7, 3), (4, 2), (7, 2), (6, 3), (5, 3)
-----------------------------------------------------------------------------------------------------------------------------
Iteracion 13
Nodos generados: (3, 1), (3, 2), (4, 3), (8, 3), (8, 2), (3, 3), (8, 1)
Nodos inspeccionados: (4, 0), (5, 1), (4, 1), (6, 2), (6, 1), (5, 2), (7, 3), (4, 2), (7, 2), (6, 3), (5, 3), (7, 1)
-----------------------------------------------------------------------------------------------------------------------------
Iteracion 14
Nodos generados: (3, 1), (3, 2), (4, 3), (8, 2), (3, 3), (8, 1), (9, 3), (9, 2), (9, 4)
Nodos inspeccionados: (4, 0), (5, 1), (4, 1), (6, 2), (6, 1), (5, 2), (7, 3), (4, 2), (7, 2), (6, 3), (5, 3), (7, 1), (8, 3)
-----------------------------------------------------------------------------------------------------------------------------
Iteracion 15
Nodos generados: (3, 1), (3, 2), (8, 2), (3, 3), (8, 1), (9, 3), (9, 2), (9, 4)
Nodos inspeccionados: (4, 0), (5, 1), (4, 1), (6, 2), (6, 1), (5, 2), (7, 3), (4, 2), (7, 2), (6, 3), (5, 3), (7, 1), (8, 3), (4, 3)
-----------------------------------------------------------------------------------------------------------------------------
Iteracion 16
Nodos generados: (3, 1), (3, 2), (3, 3), (8, 1), (9, 3), (9, 2), (9, 4), (9, 1)
Nodos inspeccionados: (4, 0), (5, 1), (4, 1), (6, 2), (6, 1), (5, 2), (7, 3), (4, 2), (7, 2), (6, 3), (5, 3), (7, 1), (8, 3), (4, 3), (8, 2)
-----------------------------------------------------------------------------------------------------------------------------
Iteracion 17
Nodos generados: (3, 1), (3, 2), (3, 3), (8, 1), (9, 3), (9, 2), (9, 1), (10, 4), (9, 5), (10, 3), (10, 5)
Nodos inspeccionados: (4, 0), (5, 1), (4, 1), (6, 2), (6, 1), (5, 2), (7, 3), (4, 2), (7, 2), (6, 3), (5, 3), (7, 1), (8, 3), (4, 3), (8, 2), (9, 4)
-----------------------------------------------------------------------------------------------------------------------------
Iteracion 18
Nodos generados: (3, 2), (3, 3), (8, 1), (9, 3), (9, 2), (9, 1), (10, 4), (9, 5), (10, 3), (10, 5), (2, 1), (2, 2)
Nodos inspeccionados: (4, 0), (5, 1), (4, 1), (6, 2), (6, 1), (5, 2), (7, 3), (4, 2), (7, 2), (6, 3), (5, 3), (7, 1), (8, 3), (4, 3), (8, 2), (9, 4), (3, 1)
-----------------------------------------------------------------------------------------------------------------------------
Iteracion 19
Nodos generados: (3, 2), (3, 3), (9, 3), (9, 2), (9, 1), (10, 4), (9, 5), (10, 3), (10, 5), (2, 1), (2, 2)
Nodos inspeccionados: (4, 0), (5, 1), (4, 1), (6, 2), (6, 1), (5, 2), (7, 3), (4, 2), (7, 2), (6, 3), (5, 3), (7, 1), (8, 3), (4, 3), (8, 2), (9, 4), (3, 1), (8, 1)
-----------------------------------------------------------------------------------------------------------------------------
Iteracion 20
Nodos generados: (3, 2), (3, 3), (9, 2), (9, 1), (10, 4), (9, 5), (10, 3), (10, 5), (2, 1), (2, 2), (10, 2)
Nodos inspeccionados: (4, 0), (5, 1), (4, 1), (6, 2), (6, 1), (5, 2), (7, 3), (4, 2), (7, 2), (6, 3), (5, 3), (7, 1), (8, 3), (4, 3), (8, 2), (9, 4), (3, 1), (8, 1), (9, 3)
-----------------------------------------------------------------------------------------------------------------------------
Iteracion 21
Nodos generados: (3, 2), (3, 3), (9, 2), (9, 1), (10, 4), (9, 5), (10, 3), (2, 1), (2, 2), (10, 2), (11, 5), (10, 6), (9, 6), (11, 4), (11, 6)
Nodos inspeccionados: (4, 0), (5, 1), (4, 1), (6, 2), (6, 1), (5, 2), (7, 3), (4, 2), (7, 2), (6, 3), (5, 3), (7, 1), (8, 3), (4, 3), (8, 2), (9, 4), (3, 1), (8, 1), (9, 3), (10, 5)
-----------------------------------------------------------------------------------------------------------------------------
Iteracion 22
Nodos generados: (3, 2), (3, 3), (9, 1), (10, 4), (9, 5), (10, 3), (2, 1), (2, 2), (10, 2), (11, 5), (10, 6), (9, 6), (11, 4), (11, 6), (10, 1)
Nodos inspeccionados: (4, 0), (5, 1), (4, 1), (6, 2), (6, 1), (5, 2), (7, 3), (4, 2), (7, 2), (6, 3), (5, 3), (7, 1), (8, 3), (4, 3), (8, 2), (9, 4), (3, 1), (8, 1), (9, 3), (10, 5), (9, 2)
-----------------------------------------------------------------------------------------------------------------------------
Iteracion 23
Nodos generados: (3, 2), (3, 3), (9, 1), (9, 5), (10, 3), (2, 1), (2, 2), (10, 2), (11, 5), (10, 6), (9, 6), (11, 4), (11, 6), (10, 1), (11, 3)
Nodos inspeccionados: (4, 0), (5, 1), (4, 1), (6, 2), (6, 1), (5, 2), (7, 3), (4, 2), (7, 2), (6, 3), (5, 3), (7, 1), (8, 3), (4, 3), (8, 2), (9, 4), (3, 1), (8, 1), (9, 3), (10, 5), (9, 2), (10, 4)
-----------------------------------------------------------------------------------------------------------------------------
Iteracion 24
Nodos generados: (3, 2), (3, 3), (9, 1), (10, 3), (2, 1), (2, 2), (10, 2), (11, 5), (10, 6), (9, 6), (11, 4), (11, 6), (10, 1), (11, 3)
Nodos inspeccionados: (4, 0), (5, 1), (4, 1), (6, 2), (6, 1), (5, 2), (7, 3), (4, 2), (7, 2), (6, 3), (5, 3), (7, 1), (8, 3), (4, 3), (8, 2), (9, 4), (3, 1), (8, 1), (9, 3), (10, 5), (9, 2), (10, 4), (9, 5)
-----------------------------------------------------------------------------------------------------------------------------
Iteracion 25
Nodos generados: (3, 2), (3, 3), (9, 1), (10, 3), (2, 1), (2, 2), (10, 2), (11, 5), (10, 6), (9, 6), (11, 4), (10, 1), (11, 3), (11, 7), (10, 7)
Nodos inspeccionados: (4, 0), (5, 1), (4, 1), (6, 2), (6, 1), (5, 2), (7, 3), (4, 2), (7, 2), (6, 3), (5, 3), (7, 1), (8, 3), (4, 3), (8, 2), (9, 4), (3, 1), (8, 1), (9, 3), (10, 5), (9, 2), (10, 4), (9, 5), (11, 6)
-----------------------------------------------------------------------------------------------------------------------------
Iteracion 26
Nodos generados: (3, 3), (9, 1), (10, 3), (2, 1), (2, 2), (10, 2), (11, 5), (10, 6), (9, 6), (11, 4), (10, 1), (11, 3), (11, 7), (10, 7), (2, 3)
Nodos inspeccionados: (4, 0), (5, 1), (4, 1), (6, 2), (6, 1), (5, 2), (7, 3), (4, 2), (7, 2), (6, 3), (5, 3), (7, 1), (8, 3), (4, 3), (8, 2), (9, 4), (3, 1), (8, 1), (9, 3), (10, 5), (9, 2), (10, 4), (9, 5), (11, 6), (3, 2)
-----------------------------------------------------------------------------------------------------------------------------
Iteracion 27
Nodos generados: (3, 3), (10, 3), (2, 1), (2, 2), (10, 2), (11, 5), (10, 6), (9, 6), (11, 4), (10, 1), (11, 3), (11, 7), (10, 7), (2, 3)
Nodos inspeccionados: (4, 0), (5, 1), (4, 1), (6, 2), (6, 1), (5, 2), (7, 3), (4, 2), (7, 2), (6, 3), (5, 3), (7, 1), (8, 3), (4, 3), (8, 2), (9, 4), (3, 1), (8, 1), (9, 3), (10, 5), (9, 2), (10, 4), (9, 5), (11, 6), (3, 2), (9, 1)
-----------------------------------------------------------------------------------------------------------------------------
Iteracion 28
Nodos generados: (3, 3), (2, 1), (2, 2), (10, 2), (11, 5), (10, 6), (9, 6), (11, 4), (10, 1), (11, 3), (11, 7), (10, 7), (2, 3), (11, 2)
Nodos inspeccionados: (4, 0), (5, 1), (4, 1), (6, 2), (6, 1), (5, 2), (7, 3), (4, 2), (7, 2), (6, 3), (5, 3), (7, 1), (8, 3), (4, 3), (8, 2), (9, 4), (3, 1), (8, 1), (9, 3), (10, 5), (9, 2), (10, 4), (9, 5), (11, 6), (3, 2), (9, 1), (10, 3)
-----------------------------------------------------------------------------------------------------------------------------
Iteracion 29
Nodos generados: (3, 3), (2, 1), (2, 2), (10, 2), (10, 6), (9, 6), (11, 4), (10, 1), (11, 3), (11, 7), (10, 7), (2, 3), (11, 2)
Nodos inspeccionados: (4, 0), (5, 1), (4, 1), (6, 2), (6, 1), (5, 2), (7, 3), (4, 2), (7, 2), (6, 3), (5, 3), (7, 1), (8, 3), (4, 3), (8, 2), (9, 4), (3, 1), (8, 1), (9, 3), (10, 5), (9, 2), (10, 4), (9, 5), (11, 6), (3, 2), (9, 1), (10, 3), (11, 5)
-----------------------------------------------------------------------------------------------------------------------------
Iteracion 30
Nodos generados: (3, 3), (2, 1), (2, 2), (10, 2), (9, 6), (11, 4), (10, 1), (11, 3), (11, 7), (10, 7), (2, 3), (11, 2), (9, 7)
Nodos inspeccionados: (4, 0), (5, 1), (4, 1), (6, 2), (6, 1), (5, 2), (7, 3), (4, 2), (7, 2), (6, 3), (5, 3), (7, 1), (8, 3), (4, 3), (8, 2), (9, 4), (3, 1), (8, 1), (9, 3), (10, 5), (9, 2), (10, 4), (9, 5), (11, 6), (3, 2), (9, 1), (10, 3), (11, 5), (10, 6)
-----------------------------------------------------------------------------------------------------------------------------
Iteracion 31
Nodos generados: (3, 3), (2, 1), (2, 2), (9, 6), (11, 4), (10, 1), (11, 3), (11, 7), (10, 7), (2, 3), (11, 2), (9, 7), (11, 1)
Nodos inspeccionados: (4, 0), (5, 1), (4, 1), (6, 2), (6, 1), (5, 2), (7, 3), (4, 2), (7, 2), (6, 3), (5, 3), (7, 1), (8, 3), (4, 3), (8, 2), (9, 4), (3, 1), (8, 1), (9, 3), (10, 5), (9, 2), (10, 4), (9, 5), (11, 6), (3, 2), (9, 1), (10, 3), (11, 5), (10, 6), (10, 2)
-----------------------------------------------------------------------------------------------------------------------------
Iteracion 32
Nodos generados: (3, 3), (2, 1), (2, 2), (11, 4), (10, 1), (11, 3), (11, 7), (10, 7), (2, 3), (11, 2), (9, 7), (11, 1)
Nodos inspeccionados: (4, 0), (5, 1), (4, 1), (6, 2), (6, 1), (5, 2), (7, 3), (4, 2), (7, 2), (6, 3), (5, 3), (7, 1), (8, 3), (4, 3), (8, 2), (9, 4), (3, 1), (8, 1), (9, 3), (10, 5), (9, 2), (10, 4), (9, 5), (11, 6), (3, 2), (9, 1), (10, 3), (11, 5), (10, 6), (10, 2), (9, 6)
-----------------------------------------------------------------------------------------------------------------------------
Iteracion 33
Nodos generados: (3, 3), (2, 1), (2, 2), (10, 1), (11, 3), (11, 7), (10, 7), (2, 3), (11, 2), (9, 7), (11, 1), (12, 3)
Nodos inspeccionados: (4, 0), (5, 1), (4, 1), (6, 2), (6, 1), (5, 2), (7, 3), (4, 2), (7, 2), (6, 3), (5, 3), (7, 1), (8, 3), (4, 3), (8, 2), (9, 4), (3, 1), (8, 1), (9, 3), (10, 5), (9, 2), (10, 4), (9, 5), (11, 6), (3, 2), (9, 1), (10, 3), (11, 5), (10, 6), (10, 2), (9, 6), (11, 4)
-----------------------------------------------------------------------------------------------------------------------------
Iteracion 34
Nodos generados: (3, 3), (2, 1), (2, 2), (10, 1), (11, 3), (10, 7), (2, 3), (11, 2), (9, 7), (11, 1), (12, 3), (11, 8), (10, 8)
Nodos inspeccionados: (4, 0), (5, 1), (4, 1), (6, 2), (6, 1), (5, 2), (7, 3), (4, 2), (7, 2), (6, 3), (5, 3), (7, 1), (8, 3), (4, 3), (8, 2), (9, 4), (3, 1), (8, 1), (9, 3), (10, 5), (9, 2), (10, 4), (9, 5), (11, 6), (3, 2), (9, 1), (10, 3), (11, 5), (10, 6), (10, 2), (9, 6), (11, 4), (11, 7)
-----------------------------------------------------------------------------------------------------------------------------
Iteracion 35
Nodos generados: (2, 1), (2, 2), (10, 1), (11, 3), (10, 7), (2, 3), (11, 2), (9, 7), (11, 1), (12, 3), (11, 8), (10, 8)
Nodos inspeccionados: (4, 0), (5, 1), (4, 1), (6, 2), (6, 1), (5, 2), (7, 3), (4, 2), (7, 2), (6, 3), (5, 3), (7, 1), (8, 3), (4, 3), (8, 2), (9, 4), (3, 1), (8, 1), (9, 3), (10, 5), (9, 2), (10, 4), (9, 5), (11, 6), (3, 2), (9, 1), (10, 3), (11, 5), (10, 6), (10, 2), (9, 6), (11, 4), (11, 7), (3, 3)
-----------------------------------------------------------------------------------------------------------------------------
Iteracion 36
Nodos generados: (2, 1), (2, 2), (11, 3), (10, 7), (2, 3), (11, 2), (9, 7), (11, 1), (12, 3), (11, 8), (10, 8)
Nodos inspeccionados: (4, 0), (5, 1), (4, 1), (6, 2), (6, 1), (5, 2), (7, 3), (4, 2), (7, 2), (6, 3), (5, 3), (7, 1), (8, 3), (4, 3), (8, 2), (9, 4), (3, 1), (8, 1), (9, 3), (10, 5), (9, 2), (10, 4), (9, 5), (11, 6), (3, 2), (9, 1), (10, 3), (11, 5), (10, 6), (10, 2), (9, 6), (11, 4), (11, 7), (3, 3), (10, 1)
-----------------------------------------------------------------------------------------------------------------------------
Iteracion 37
Nodos generados: (2, 1), (2, 2), (10, 7), (2, 3), (11, 2), (9, 7), (11, 1), (12, 3), (11, 8), (10, 8), (12, 2)
Nodos inspeccionados: (4, 0), (5, 1), (4, 1), (6, 2), (6, 1), (5, 2), (7, 3), (4, 2), (7, 2), (6, 3), (5, 3), (7, 1), (8, 3), (4, 3), (8, 2), (9, 4), (3, 1), (8, 1), (9, 3), (10, 5), (9, 2), (10, 4), (9, 5), (11, 6), (3, 2), (9, 1), (10, 3), (11, 5), (10, 6), (10, 2), (9, 6), (11, 4), (11, 7), (3, 3), (10, 1), (11, 3)
-----------------------------------------------------------------------------------------------------------------------------
Iteracion 38
Nodos generados: (2, 1), (2, 2), (2, 3), (11, 2), (9, 7), (11, 1), (12, 3), (11, 8), (10, 8), (12, 2), (9, 8)
Nodos inspeccionados: (4, 0), (5, 1), (4, 1), (6, 2), (6, 1), (5, 2), (7, 3), (4, 2), (7, 2), (6, 3), (5, 3), (7, 1), (8, 3), (4, 3), (8, 2), (9, 4), (3, 1), (8, 1), (9, 3), (10, 5), (9, 2), (10, 4), (9, 5), (11, 6), (3, 2), (9, 1), (10, 3), (11, 5), (10, 6), (10, 2), (9, 6), (11, 4), (11, 7), (3, 3), (10, 1), (11, 3), (10, 7)
-----------------------------------------------------------------------------------------------------------------------------
Iteracion 39
Nodos generados: (2, 1), (2, 2), (2, 3), (9, 7), (11, 1), (12, 3), (11, 8), (10, 8), (12, 2), (9, 8), (12, 1)
Nodos inspeccionados: (4, 0), (5, 1), (4, 1), (6, 2), (6, 1), (5, 2), (7, 3), (4, 2), (7, 2), (6, 3), (5, 3), (7, 1), (8, 3), (4, 3), (8, 2), (9, 4), (3, 1), (8, 1), (9, 3), (10, 5), (9, 2), (10, 4), (9, 5), (11, 6), (3, 2), (9, 1), (10, 3), (11, 5), (10, 6), (10, 2), (9, 6), (11, 4), (11, 7), (3, 3), (10, 1), (11, 3), (10, 7), (11, 2)
-----------------------------------------------------------------------------------------------------------------------------
Iteracion 40
Nodos generados: (2, 1), (2, 2), (2, 3), (11, 1), (12, 3), (11, 8), (10, 8), (12, 2), (9, 8), (12, 1)
Nodos inspeccionados: (4, 0), (5, 1), (4, 1), (6, 2), (6, 1), (5, 2), (7, 3), (4, 2), (7, 2), (6, 3), (5, 3), (7, 1), (8, 3), (4, 3), (8, 2), (9, 4), (3, 1), (8, 1), (9, 3), (10, 5), (9, 2), (10, 4), (9, 5), (11, 6), (3, 2), (9, 1), (10, 3), (11, 5), (10, 6), (10, 2), (9, 6), (11, 4), (11, 7), (3, 3), (10, 1), (11, 3), (10, 7), (11, 2), (9, 7)
-----------------------------------------------------------------------------------------------------------------------------
Iteracion 41
Nodos generados: (2, 1), (2, 2), (2, 3), (11, 1), (12, 3), (10, 8), (12, 2), (9, 8), (12, 1), (11, 9), (10, 9), (12, 9)
Nodos inspeccionados: (4, 0), (5, 1), (4, 1), (6, 2), (6, 1), (5, 2), (7, 3), (4, 2), (7, 2), (6, 3), (5, 3), (7, 1), (8, 3), (4, 3), (8, 2), (9, 4), (3, 1), (8, 1), (9, 3), (10, 5), (9, 2), (10, 4), (9, 5), (11, 6), (3, 2), (9, 1), (10, 3), (11, 5), (10, 6), (10, 2), (9, 6), (11, 4), (11, 7), (3, 3), (10, 1), (11, 3), (10, 7), (11, 2), (9, 7), (11, 8)
-----------------------------------------------------------------------------------------------------------------------------
Iteracion 42
Nodos generados: (2, 1), (2, 2), (2, 3), (12, 3), (10, 8), (12, 2), (9, 8), (12, 1), (11, 9), (10, 9), (12, 9)
Nodos inspeccionados: (4, 0), (5, 1), (4, 1), (6, 2), (6, 1), (5, 2), (7, 3), (4, 2), (7, 2), (6, 3), (5, 3), (7, 1), (8, 3), (4, 3), (8, 2), (9, 4), (3, 1), (8, 1), (9, 3), (10, 5), (9, 2), (10, 4), (9, 5), (11, 6), (3, 2), (9, 1), (10, 3), (11, 5), (10, 6), (10, 2), (9, 6), (11, 4), (11, 7), (3, 3), (10, 1), (11, 3), (10, 7), (11, 2), (9, 7), (11, 8), (11, 1)
-----------------------------------------------------------------------------------------------------------------------------
Iteracion 43
Nodos generados: (2, 1), (2, 2), (2, 3), (10, 8), (12, 2), (9, 8), (12, 1), (11, 9), (10, 9), (12, 9), (13, 3), (13, 2)
Nodos inspeccionados: (4, 0), (5, 1), (4, 1), (6, 2), (6, 1), (5, 2), (7, 3), (4, 2), (7, 2), (6, 3), (5, 3), (7, 1), (8, 3), (4, 3), (8, 2), (9, 4), (3, 1), (8, 1), (9, 3), (10, 5), (9, 2), (10, 4), (9, 5), (11, 6), (3, 2), (9, 1), (10, 3), (11, 5), (10, 6), (10, 2), (9, 6), (11, 4), (11, 7), (3, 3), (10, 1), (11, 3), (10, 7), (11, 2), (9, 7), (11, 8), (11, 1), (12, 3)
-----------------------------------------------------------------------------------------------------------------------------
Iteracion 44
Nodos generados: (2, 1), (2, 2), (2, 3), (12, 2), (9, 8), (12, 1), (11, 9), (10, 9), (12, 9), (13, 3), (13, 2), (9, 9)
Nodos inspeccionados: (4, 0), (5, 1), (4, 1), (6, 2), (6, 1), (5, 2), (7, 3), (4, 2), (7, 2), (6, 3), (5, 3), (7, 1), (8, 3), (4, 3), (8, 2), (9, 4), (3, 1), (8, 1), (9, 3), (10, 5), (9, 2), (10, 4), (9, 5), (11, 6), (3, 2), (9, 1), (10, 3), (11, 5), (10, 6), (10, 2), (9, 6), (11, 4), (11, 7), (3, 3), (10, 1), (11, 3), (10, 7), (11, 2), (9, 7), (11, 8), (11, 1), (12, 3), (10, 8)
-----------------------------------------------------------------------------------------------------------------------------
Iteracion 45
Nodos generados: (2, 1), (2, 2), (2, 3), (12, 2), (9, 8), (12, 1), (11, 9), (10, 9), (13, 3), (13, 2), (9, 9), (13, 9), (12, 10), (11, 10), (13, 8), (13, 10)
Nodos inspeccionados: (4, 0), (5, 1), (4, 1), (6, 2), (6, 1), (5, 2), (7, 3), (4, 2), (7, 2), (6, 3), (5, 3), (7, 1), (8, 3), (4, 3), (8, 2), (9, 4), (3, 1), (8, 1), (9, 3), (10, 5), (9, 2), (10, 4), (9, 5), (11, 6), (3, 2), (9, 1), (10, 3), (11, 5), (10, 6), (10, 2), (9, 6), (11, 4), (11, 7), (3, 3), (10, 1), (11, 3), (10, 7), (11, 2), (9, 7), (11, 8), (11, 1), (12, 3), (10, 8), (12, 9)
-----------------------------------------------------------------------------------------------------------------------------
Iteracion 46
Nodos generados: (2, 1), (2, 3), (12, 2), (9, 8), (12, 1), (11, 9), (10, 9), (13, 3), (13, 2), (9, 9), (13, 9), (12, 10), (11, 10), (13, 8), (13, 10), (1, 2), (1, 1), (1, 3)
Nodos inspeccionados: (4, 0), (5, 1), (4, 1), (6, 2), (6, 1), (5, 2), (7, 3), (4, 2), (7, 2), (6, 3), (5, 3), (7, 1), (8, 3), (4, 3), (8, 2), (9, 4), (3, 1), (8, 1), (9, 3), (10, 5), (9, 2), (10, 4), (9, 5), (11, 6), (3, 2), (9, 1), (10, 3), (11, 5), (10, 6), (10, 2), (9, 6), (11, 4), (11, 7), (3, 3), (10, 1), (11, 3), (10, 7), (11, 2), (9, 7), (11, 8), (11, 1), (12, 3), (10, 8), (12, 9), (2, 2)
-----------------------------------------------------------------------------------------------------------------------------
Iteracion 47
Nodos generados: (2, 1), (2, 3), (9, 8), (12, 1), (11, 9), (10, 9), (13, 3), (13, 2), (9, 9), (13, 9), (12, 10), (11, 10), (13, 8), (13, 10), (1, 2), (1, 1), (1, 3), (13, 1)
Nodos inspeccionados: (4, 0), (5, 1), (4, 1), (6, 2), (6, 1), (5, 2), (7, 3), (4, 2), (7, 2), (6, 3), (5, 3), (7, 1), (8, 3), (4, 3), (8, 2), (9, 4), (3, 1), (8, 1), (9, 3), (10, 5), (9, 2), (10, 4), (9, 5), (11, 6), (3, 2), (9, 1), (10, 3), (11, 5), (10, 6), (10, 2), (9, 6), (11, 4), (11, 7), (3, 3), (10, 1), (11, 3), (10, 7), (11, 2), (9, 7), (11, 8), (11, 1), (12, 3), (10, 8), (12, 9), (2, 2), (12, 2)
-----------------------------------------------------------------------------------------------------------------------------
Iteracion 48
Nodos generados: (2, 1), (2, 3), (12, 1), (11, 9), (10, 9), (13, 3), (13, 2), (9, 9), (13, 9), (12, 10), (11, 10), (13, 8), (13, 10), (1, 2), (1, 1), (1, 3), (13, 1), (8, 9)
Nodos inspeccionados: (4, 0), (5, 1), (4, 1), (6, 2), (6, 1), (5, 2), (7, 3), (4, 2), (7, 2), (6, 3), (5, 3), (7, 1), (8, 3), (4, 3), (8, 2), (9, 4), (3, 1), (8, 1), (9, 3), (10, 5), (9, 2), (10, 4), (9, 5), (11, 6), (3, 2), (9, 1), (10, 3), (11, 5), (10, 6), (10, 2), (9, 6), (11, 4), (11, 7), (3, 3), (10, 1), (11, 3), (10, 7), (11, 2), (9, 7), (11, 8), (11, 1), (12, 3), (10, 8), (12, 9), (2, 2), (12, 2), (9, 8)
-----------------------------------------------------------------------------------------------------------------------------
Iteracion 49
Nodos generados: (2, 1), (2, 3), (12, 1), (10, 9), (13, 3), (13, 2), (9, 9), (13, 9), (12, 10), (11, 10), (13, 8), (13, 10), (1, 2), (1, 1), (1, 3), (13, 1), (8, 9), (10, 10)
Nodos inspeccionados: (4, 0), (5, 1), (4, 1), (6, 2), (6, 1), (5, 2), (7, 3), (4, 2), (7, 2), (6, 3), (5, 3), (7, 1), (8, 3), (4, 3), (8, 2), (9, 4), (3, 1), (8, 1), (9, 3), (10, 5), (9, 2), (10, 4), (9, 5), (11, 6), (3, 2), (9, 1), (10, 3), (11, 5), (10, 6), (10, 2), (9, 6), (11, 4), (11, 7), (3, 3), (10, 1), (11, 3), (10, 7), (11, 2), (9, 7), (11, 8), (11, 1), (12, 3), (10, 8), (12, 9), (2, 2), (12, 2), (9, 8), (11, 9)
-----------------------------------------------------------------------------------------------------------------------------
Iteracion 50
Nodos generados: (2, 3), (12, 1), (10, 9), (13, 3), (13, 2), (9, 9), (13, 9), (12, 10), (11, 10), (13, 8), (13, 10), (1, 2), (1, 1), (1, 3), (13, 1), (8, 9), (10, 10)
Nodos inspeccionados: (4, 0), (5, 1), (4, 1), (6, 2), (6, 1), (5, 2), (7, 3), (4, 2), (7, 2), (6, 3), (5, 3), (7, 1), (8, 3), (4, 3), (8, 2), (9, 4), (3, 1), (8, 1), (9, 3), (10, 5), (9, 2), (10, 4), (9, 5), (11, 6), (3, 2), (9, 1), (10, 3), (11, 5), (10, 6), (10, 2), (9, 6), (11, 4), (11, 7), (3, 3), (10, 1), (11, 3), (10, 7), (11, 2), (9, 7), (11, 8), (11, 1), (12, 3), (10, 8), (12, 9), (2, 2), (12, 2), (9, 8), (11, 9), (2, 1)
-----------------------------------------------------------------------------------------------------------------------------
Iteracion 51
Nodos generados: (2, 3), (10, 9), (13, 3), (13, 2), (9, 9), (13, 9), (12, 10), (11, 10), (13, 8), (13, 10), (1, 2), (1, 1), (1, 3), (13, 1), (8, 9), (10, 10)
Nodos inspeccionados: (4, 0), (5, 1), (4, 1), (6, 2), (6, 1), (5, 2), (7, 3), (4, 2), (7, 2), (6, 3), (5, 3), (7, 1), (8, 3), (4, 3), (8, 2), (9, 4), (3, 1), (8, 1), (9, 3), (10, 5), (9, 2), (10, 4), (9, 5), (11, 6), (3, 2), (9, 1), (10, 3), (11, 5), (10, 6), (10, 2), (9, 6), (11, 4), (11, 7), (3, 3), (10, 1), (11, 3), (10, 7), (11, 2), (9, 7), (11, 8), (11, 1), (12, 3), (10, 8), (12, 9), (2, 2), (12, 2), (9, 8), (11, 9), (2, 1), (12, 1)
-----------------------------------------------------------------------------------------------------------------------------
Iteracion 52
Nodos generados: (2, 3), (13, 3), (13, 2), (9, 9), (13, 9), (12, 10), (11, 10), (13, 8), (13, 10), (1, 2), (1, 1), (1, 3), (13, 1), (8, 9), (10, 10), (9, 10)
Nodos inspeccionados: (4, 0), (5, 1), (4, 1), (6, 2), (6, 1), (5, 2), (7, 3), (4, 2), (7, 2), (6, 3), (5, 3), (7, 1), (8, 3), (4, 3), (8, 2), (9, 4), (3, 1), (8, 1), (9, 3), (10, 5), (9, 2), (10, 4), (9, 5), (11, 6), (3, 2), (9, 1), (10, 3), (11, 5), (10, 6), (10, 2), (9, 6), (11, 4), (11, 7), (3, 3), (10, 1), (11, 3), (10, 7), (11, 2), (9, 7), (11, 8), (11, 1), (12, 3), (10, 8), (12, 9), (2, 2), (12, 2), (9, 8), (11, 9), (2, 1), (12, 1), (10, 9)
-----------------------------------------------------------------------------------------------------------------------------
Iteracion 53
Nodos generados: (2, 3), (13, 3), (13, 2), (9, 9), (13, 9), (11, 10), (13, 8), (13, 10), (1, 2), (1, 1), (1, 3), (13, 1), (8, 9), (10, 10), (9, 10), (12, 11), (11, 11), (13, 11)
Nodos inspeccionados: (4, 0), (5, 1), (4, 1), (6, 2), (6, 1), (5, 2), (7, 3), (4, 2), (7, 2), (6, 3), (5, 3), (7, 1), (8, 3), (4, 3), (8, 2), (9, 4), (3, 1), (8, 1), (9, 3), (10, 5), (9, 2), (10, 4), (9, 5), (11, 6), (3, 2), (9, 1), (10, 3), (11, 5), (10, 6), (10, 2), (9, 6), (11, 4), (11, 7), (3, 3), (10, 1), (11, 3), (10, 7), (11, 2), (9, 7), (11, 8), (11, 1), (12, 3), (10, 8), (12, 9), (2, 2), (12, 2), (9, 8), (11, 9), (2, 1), (12, 1), (10, 9), (12, 10)
-----------------------------------------------------------------------------------------------------------------------------
Iteracion 54
Nodos generados: (13, 3), (13, 2), (9, 9), (13, 9), (11, 10), (13, 8), (13, 10), (1, 2), (1, 1), (1, 3), (13, 1), (8, 9), (10, 10), (9, 10), (12, 11), (11, 11), (13, 11)
Nodos inspeccionados: (4, 0), (5, 1), (4, 1), (6, 2), (6, 1), (5, 2), (7, 3), (4, 2), (7, 2), (6, 3), (5, 3), (7, 1), (8, 3), (4, 3), (8, 2), (9, 4), (3, 1), (8, 1), (9, 3), (10, 5), (9, 2), (10, 4), (9, 5), (11, 6), (3, 2), (9, 1), (10, 3), (11, 5), (10, 6), (10, 2), (9, 6), (11, 4), (11, 7), (3, 3), (10, 1), (11, 3), (10, 7), (11, 2), (9, 7), (11, 8), (11, 1), (12, 3), (10, 8), (12, 9), (2, 2), (12, 2), (9, 8), (11, 9), (2, 1), (12, 1), (10, 9), (12, 10), (2, 3)
-----------------------------------------------------------------------------------------------------------------------------
Iteracion 55
Nodos generados: (13, 3), (13, 2), (13, 9), (11, 10), (13, 8), (13, 10), (1, 2), (1, 1), (1, 3), (13, 1), (8, 9), (10, 10), (9, 10), (12, 11), (11, 11), (13, 11), (8, 10)
Nodos inspeccionados: (4, 0), (5, 1), (4, 1), (6, 2), (6, 1), (5, 2), (7, 3), (4, 2), (7, 2), (6, 3), (5, 3), (7, 1), (8, 3), (4, 3), (8, 2), (9, 4), (3, 1), (8, 1), (9, 3), (10, 5), (9, 2), (10, 4), (9, 5), (11, 6), (3, 2), (9, 1), (10, 3), (11, 5), (10, 6), (10, 2), (9, 6), (11, 4), (11, 7), (3, 3), (10, 1), (11, 3), (10, 7), (11, 2), (9, 7), (11, 8), (11, 1), (12, 3), (10, 8), (12, 9), (2, 2), (12, 2), (9, 8), (11, 9), (2, 1), (12, 1), (10, 9), (12, 10), (2, 3), (9, 9)
-----------------------------------------------------------------------------------------------------------------------------
Iteracion 56
Nodos generados: (13, 3), (13, 2), (13, 9), (13, 8), (13, 10), (1, 2), (1, 1), (1, 3), (13, 1), (8, 9), (10, 10), (9, 10), (12, 11), (11, 11), (13, 11), (8, 10), (10, 11)
Nodos inspeccionados: (4, 0), (5, 1), (4, 1), (6, 2), (6, 1), (5, 2), (7, 3), (4, 2), (7, 2), (6, 3), (5, 3), (7, 1), (8, 3), (4, 3), (8, 2), (9, 4), (3, 1), (8, 1), (9, 3), (10, 5), (9, 2), (10, 4), (9, 5), (11, 6), (3, 2), (9, 1), (10, 3), (11, 5), (10, 6), (10, 2), (9, 6), (11, 4), (11, 7), (3, 3), (10, 1), (11, 3), (10, 7), (11, 2), (9, 7), (11, 8), (11, 1), (12, 3), (10, 8), (12, 9), (2, 2), (12, 2), (9, 8), (11, 9), (2, 1), (12, 1), (10, 9), (12, 10), (2, 3), (9, 9), (11, 10)
-----------------------------------------------------------------------------------------------------------------------------
Iteracion 57
Nodos generados: (13, 3), (13, 2), (13, 9), (13, 8), (13, 10), (1, 2), (1, 1), (1, 3), (13, 1), (8, 9), (9, 10), (12, 11), (11, 11), (13, 11), (8, 10), (10, 11), (9, 11)
Nodos inspeccionados: (4, 0), (5, 1), (4, 1), (6, 2), (6, 1), (5, 2), (7, 3), (4, 2), (7, 2), (6, 3), (5, 3), (7, 1), (8, 3), (4, 3), (8, 2), (9, 4), (3, 1), (8, 1), (9, 3), (10, 5), (9, 2), (10, 4), (9, 5), (11, 6), (3, 2), (9, 1), (10, 3), (11, 5), (10, 6), (10, 2), (9, 6), (11, 4), (11, 7), (3, 3), (10, 1), (11, 3), (10, 7), (11, 2), (9, 7), (11, 8), (11, 1), (12, 3), (10, 8), (12, 9), (2, 2), (12, 2), (9, 8), (11, 9), (2, 1), (12, 1), (10, 9), (12, 10), (2, 3), (9, 9), (11, 10), (10, 10)
-----------------------------------------------------------------------------------------------------------------------------
Iteracion 58
Nodos generados: (13, 3), (13, 2), (13, 9), (13, 8), (13, 10), (1, 2), (1, 1), (1, 3), (13, 1), (8, 9), (9, 10), (11, 11), (13, 11), (8, 10), (10, 11), (9, 11), (13, 12)
Nodos inspeccionados: (4, 0), (5, 1), (4, 1), (6, 2), (6, 1), (5, 2), (7, 3), (4, 2), (7, 2), (6, 3), (5, 3), (7, 1), (8, 3), (4, 3), (8, 2), (9, 4), (3, 1), (8, 1), (9, 3), (10, 5), (9, 2), (10, 4), (9, 5), (11, 6), (3, 2), (9, 1), (10, 3), (11, 5), (10, 6), (10, 2), (9, 6), (11, 4), (11, 7), (3, 3), (10, 1), (11, 3), (10, 7), (11, 2), (9, 7), (11, 8), (11, 1), (12, 3), (10, 8), (12, 9), (2, 2), (12, 2), (9, 8), (11, 9), (2, 1), (12, 1), (10, 9), (12, 10), (2, 3), (9, 9), (11, 10), (10, 10), (12, 11)
-----------------------------------------------------------------------------------------------------------------------------
Iteracion 59
Nodos generados: (13, 3), (13, 2), (13, 9), (13, 8), (13, 10), (1, 2), (1, 1), (1, 3), (13, 1), (8, 9), (11, 11), (13, 11), (8, 10), (10, 11), (9, 11), (13, 12), (8, 11)
Nodos inspeccionados: (4, 0), (5, 1), (4, 1), (6, 2), (6, 1), (5, 2), (7, 3), (4, 2), (7, 2), (6, 3), (5, 3), (7, 1), (8, 3), (4, 3), (8, 2), (9, 4), (3, 1), (8, 1), (9, 3), (10, 5), (9, 2), (10, 4), (9, 5), (11, 6), (3, 2), (9, 1), (10, 3), (11, 5), (10, 6), (10, 2), (9, 6), (11, 4), (11, 7), (3, 3), (10, 1), (11, 3), (10, 7), (11, 2), (9, 7), (11, 8), (11, 1), (12, 3), (10, 8), (12, 9), (2, 2), (12, 2), (9, 8), (11, 9), (2, 1), (12, 1), (10, 9), (12, 10), (2, 3), (9, 9), (11, 10), (10, 10), (12, 11), (9, 10)
-----------------------------------------------------------------------------------------------------------------------------
Iteracion 60
Nodos generados: (13, 3), (13, 2), (13, 9), (13, 8), (13, 10), (1, 2), (1, 1), (1, 3), (13, 1), (8, 9), (13, 11), (8, 10), (10, 11), (9, 11), (13, 12), (8, 11)
Nodos inspeccionados: (4, 0), (5, 1), (4, 1), (6, 2), (6, 1), (5, 2), (7, 3), (4, 2), (7, 2), (6, 3), (5, 3), (7, 1), (8, 3), (4, 3), (8, 2), (9, 4), (3, 1), (8, 1), (9, 3), (10, 5), (9, 2), (10, 4), (9, 5), (11, 6), (3, 2), (9, 1), (10, 3), (11, 5), (10, 6), (10, 2), (9, 6), (11, 4), (11, 7), (3, 3), (10, 1), (11, 3), (10, 7), (11, 2), (9, 7), (11, 8), (11, 1), (12, 3), (10, 8), (12, 9), (2, 2), (12, 2), (9, 8), (11, 9), (2, 1), (12, 1), (10, 9), (12, 10), (2, 3), (9, 9), (11, 10), (10, 10), (12, 11), (9, 10), (11, 11)
-----------------------------------------------------------------------------------------------------------------------------
Iteracion 61
Nodos generados: (13, 3), (13, 2), (13, 9), (13, 8), (13, 10), (1, 2), (1, 1), (1, 3), (13, 1), (8, 9), (13, 11), (8, 10), (9, 11), (13, 12), (8, 11)
Nodos inspeccionados: (4, 0), (5, 1), (4, 1), (6, 2), (6, 1), (5, 2), (7, 3), (4, 2), (7, 2), (6, 3), (5, 3), (7, 1), (8, 3), (4, 3), (8, 2), (9, 4), (3, 1), (8, 1), (9, 3), (10, 5), (9, 2), (10, 4), (9, 5), (11, 6), (3, 2), (9, 1), (10, 3), (11, 5), (10, 6), (10, 2), (9, 6), (11, 4), (11, 7), (3, 3), (10, 1), (11, 3), (10, 7), (11, 2), (9, 7), (11, 8), (11, 1), (12, 3), (10, 8), (12, 9), (2, 2), (12, 2), (9, 8), (11, 9), (2, 1), (12, 1), (10, 9), (12, 10), (2, 3), (9, 9), (11, 10), (10, 10), (12, 11), (9, 10), (11, 11), (10, 11)
-----------------------------------------------------------------------------------------------------------------------------
Iteracion 62
Nodos generados: (13, 3), (13, 2), (13, 9), (13, 8), (1, 2), (1, 1), (1, 3), (13, 1), (8, 9), (13, 11), (8, 10), (9, 11), (13, 12), (8, 11), (14, 10), (14, 9), (14, 11)
Nodos inspeccionados: (4, 0), (5, 1), (4, 1), (6, 2), (6, 1), (5, 2), (7, 3), (4, 2), (7, 2), (6, 3), (5, 3), (7, 1), (8, 3), (4, 3), (8, 2), (9, 4), (3, 1), (8, 1), (9, 3), (10, 5), (9, 2), (10, 4), (9, 5), (11, 6), (3, 2), (9, 1), (10, 3), (11, 5), (10, 6), (10, 2), (9, 6), (11, 4), (11, 7), (3, 3), (10, 1), (11, 3), (10, 7), (11, 2), (9, 7), (11, 8), (11, 1), (12, 3), (10, 8), (12, 9), (2, 2), (12, 2), (9, 8), (11, 9), (2, 1), (12, 1), (10, 9), (12, 10), (2, 3), (9, 9), (11, 10), (10, 10), (12, 11), (9, 10), (11, 11), (10, 11), (13, 10)
-----------------------------------------------------------------------------------------------------------------------------
Iteracion 63
Nodos generados: (13, 3), (13, 2), (13, 9), (13, 8), (1, 2), (1, 1), (1, 3), (13, 1), (8, 9), (13, 11), (8, 10), (13, 12), (8, 11), (14, 10), (14, 9), (14, 11)
Nodos inspeccionados: (4, 0), (5, 1), (4, 1), (6, 2), (6, 1), (5, 2), (7, 3), (4, 2), (7, 2), (6, 3), (5, 3), (7, 1), (8, 3), (4, 3), (8, 2), (9, 4), (3, 1), (8, 1), (9, 3), (10, 5), (9, 2), (10, 4), (9, 5), (11, 6), (3, 2), (9, 1), (10, 3), (11, 5), (10, 6), (10, 2), (9, 6), (11, 4), (11, 7), (3, 3), (10, 1), (11, 3), (10, 7), (11, 2), (9, 7), (11, 8), (11, 1), (12, 3), (10, 8), (12, 9), (2, 2), (12, 2), (9, 8), (11, 9), (2, 1), (12, 1), (10, 9), (12, 10), (2, 3), (9, 9), (11, 10), (10, 10), (12, 11), (9, 10), (11, 11), (10, 11), (13, 10), (9, 11)
-----------------------------------------------------------------------------------------------------------------------------
Iteracion 64
Nodos generados: (13, 2), (13, 9), (13, 8), (1, 2), (1, 1), (1, 3), (13, 1), (8, 9), (13, 11), (8, 10), (13, 12), (8, 11), (14, 10), (14, 9), (14, 11), (14, 3), (14, 2)
Nodos inspeccionados: (4, 0), (5, 1), (4, 1), (6, 2), (6, 1), (5, 2), (7, 3), (4, 2), (7, 2), (6, 3), (5, 3), (7, 1), (8, 3), (4, 3), (8, 2), (9, 4), (3, 1), (8, 1), (9, 3), (10, 5), (9, 2), (10, 4), (9, 5), (11, 6), (3, 2), (9, 1), (10, 3), (11, 5), (10, 6), (10, 2), (9, 6), (11, 4), (11, 7), (3, 3), (10, 1), (11, 3), (10, 7), (11, 2), (9, 7), (11, 8), (11, 1), (12, 3), (10, 8), (12, 9), (2, 2), (12, 2), (9, 8), (11, 9), (2, 1), (12, 1), (10, 9), (12, 10), (2, 3), (9, 9), (11, 10), (10, 10), (12, 11), (9, 10), (11, 11), (10, 11), (13, 10), (9, 11), (13, 3)
-----------------------------------------------------------------------------------------------------------------------------
Iteracion 65
Nodos generados: (13, 2), (13, 8), (1, 2), (1, 1), (1, 3), (13, 1), (8, 9), (13, 11), (8, 10), (13, 12), (8, 11), (14, 10), (14, 9), (14, 11), (14, 3), (14, 2), (14, 8)
Nodos inspeccionados: (4, 0), (5, 1), (4, 1), (6, 2), (6, 1), (5, 2), (7, 3), (4, 2), (7, 2), (6, 3), (5, 3), (7, 1), (8, 3), (4, 3), (8, 2), (9, 4), (3, 1), (8, 1), (9, 3), (10, 5), (9, 2), (10, 4), (9, 5), (11, 6), (3, 2), (9, 1), (10, 3), (11, 5), (10, 6), (10, 2), (9, 6), (11, 4), (11, 7), (3, 3), (10, 1), (11, 3), (10, 7), (11, 2), (9, 7), (11, 8), (11, 1), (12, 3), (10, 8), (12, 9), (2, 2), (12, 2), (9, 8), (11, 9), (2, 1), (12, 1), (10, 9), (12, 10), (2, 3), (9, 9), (11, 10), (10, 10), (12, 11), (9, 10), (11, 11), (10, 11), (13, 10), (9, 11), (13, 3), (13, 9)
-----------------------------------------------------------------------------------------------------------------------------
Iteracion 66
Nodos generados: (13, 2), (13, 8), (1, 2), (1, 1), (13, 1), (8, 9), (13, 11), (8, 10), (13, 12), (8, 11), (14, 10), (14, 9), (14, 11), (14, 3), (14, 2), (14, 8)
Nodos inspeccionados: (4, 0), (5, 1), (4, 1), (6, 2), (6, 1), (5, 2), (7, 3), (4, 2), (7, 2), (6, 3), (5, 3), (7, 1), (8, 3), (4, 3), (8, 2), (9, 4), (3, 1), (8, 1), (9, 3), (10, 5), (9, 2), (10, 4), (9, 5), (11, 6), (3, 2), (9, 1), (10, 3), (11, 5), (10, 6), (10, 2), (9, 6), (11, 4), (11, 7), (3, 3), (10, 1), (11, 3), (10, 7), (11, 2), (9, 7), (11, 8), (11, 1), (12, 3), (10, 8), (12, 9), (2, 2), (12, 2), (9, 8), (11, 9), (2, 1), (12, 1), (10, 9), (12, 10), (2, 3), (9, 9), (11, 10), (10, 10), (12, 11), (9, 10), (11, 11), (10, 11), (13, 10), (9, 11), (13, 3), (13, 9), (1, 3)
-----------------------------------------------------------------------------------------------------------------------------
Iteracion 67
Nodos generados: (13, 2), (13, 8), (1, 2), (1, 1), (13, 1), (13, 11), (8, 10), (13, 12), (8, 11), (14, 10), (14, 9), (14, 11), (14, 3), (14, 2), (14, 8), (7, 9), (7, 10)
Nodos inspeccionados: (4, 0), (5, 1), (4, 1), (6, 2), (6, 1), (5, 2), (7, 3), (4, 2), (7, 2), (6, 3), (5, 3), (7, 1), (8, 3), (4, 3), (8, 2), (9, 4), (3, 1), (8, 1), (9, 3), (10, 5), (9, 2), (10, 4), (9, 5), (11, 6), (3, 2), (9, 1), (10, 3), (11, 5), (10, 6), (10, 2), (9, 6), (11, 4), (11, 7), (3, 3), (10, 1), (11, 3), (10, 7), (11, 2), (9, 7), (11, 8), (11, 1), (12, 3), (10, 8), (12, 9), (2, 2), (12, 2), (9, 8), (11, 9), (2, 1), (12, 1), (10, 9), (12, 10), (2, 3), (9, 9), (11, 10), (10, 10), (12, 11), (9, 10), (11, 11), (10, 11), (13, 10), (9, 11), (13, 3), (13, 9), (1, 3), (8, 9)
-----------------------------------------------------------------------------------------------------------------------------
Iteracion 68
Nodos generados: (13, 8), (1, 2), (1, 1), (13, 1), (13, 11), (8, 10), (13, 12), (8, 11), (14, 10), (14, 9), (14, 11), (14, 3), (14, 2), (14, 8), (7, 9), (7, 10), (14, 1)
Nodos inspeccionados: (4, 0), (5, 1), (4, 1), (6, 2), (6, 1), (5, 2), (7, 3), (4, 2), (7, 2), (6, 3), (5, 3), (7, 1), (8, 3), (4, 3), (8, 2), (9, 4), (3, 1), (8, 1), (9, 3), (10, 5), (9, 2), (10, 4), (9, 5), (11, 6), (3, 2), (9, 1), (10, 3), (11, 5), (10, 6), (10, 2), (9, 6), (11, 4), (11, 7), (3, 3), (10, 1), (11, 3), (10, 7), (11, 2), (9, 7), (11, 8), (11, 1), (12, 3), (10, 8), (12, 9), (2, 2), (12, 2), (9, 8), (11, 9), (2, 1), (12, 1), (10, 9), (12, 10), (2, 3), (9, 9), (11, 10), (10, 10), (12, 11), (9, 10), (11, 11), (10, 11), (13, 10), (9, 11), (13, 3), (13, 9), (1, 3), (8, 9), (13, 2)
-----------------------------------------------------------------------------------------------------------------------------
Iteracion 69
Nodos generados: (13, 8), (1, 1), (13, 1), (13, 11), (8, 10), (13, 12), (8, 11), (14, 10), (14, 9), (14, 11), (14, 3), (14, 2), (14, 8), (7, 9), (7, 10), (14, 1)
Nodos inspeccionados: (4, 0), (5, 1), (4, 1), (6, 2), (6, 1), (5, 2), (7, 3), (4, 2), (7, 2), (6, 3), (5, 3), (7, 1), (8, 3), (4, 3), (8, 2), (9, 4), (3, 1), (8, 1), (9, 3), (10, 5), (9, 2), (10, 4), (9, 5), (11, 6), (3, 2), (9, 1), (10, 3), (11, 5), (10, 6), (10, 2), (9, 6), (11, 4), (11, 7), (3, 3), (10, 1), (11, 3), (10, 7), (11, 2), (9, 7), (11, 8), (11, 1), (12, 3), (10, 8), (12, 9), (2, 2), (12, 2), (9, 8), (11, 9), (2, 1), (12, 1), (10, 9), (12, 10), (2, 3), (9, 9), (11, 10), (10, 10), (12, 11), (9, 10), (11, 11), (10, 11), (13, 10), (9, 11), (13, 3), (13, 9), (1, 3), (8, 9), (13, 2), (1, 2)
-----------------------------------------------------------------------------------------------------------------------------
Iteracion 70
Nodos generados: (13, 8), (1, 1), (13, 1), (8, 10), (13, 12), (8, 11), (14, 10), (14, 9), (14, 11), (14, 3), (14, 2), (14, 8), (7, 9), (7, 10), (14, 1), (14, 12)
Nodos inspeccionados: (4, 0), (5, 1), (4, 1), (6, 2), (6, 1), (5, 2), (7, 3), (4, 2), (7, 2), (6, 3), (5, 3), (7, 1), (8, 3), (4, 3), (8, 2), (9, 4), (3, 1), (8, 1), (9, 3), (10, 5), (9, 2), (10, 4), (9, 5), (11, 6), (3, 2), (9, 1), (10, 3), (11, 5), (10, 6), (10, 2), (9, 6), (11, 4), (11, 7), (3, 3), (10, 1), (11, 3), (10, 7), (11, 2), (9, 7), (11, 8), (11, 1), (12, 3), (10, 8), (12, 9), (2, 2), (12, 2), (9, 8), (11, 9), (2, 1), (12, 1), (10, 9), (12, 10), (2, 3), (9, 9), (11, 10), (10, 10), (12, 11), (9, 10), (11, 11), (10, 11), (13, 10), (9, 11), (13, 3), (13, 9), (1, 3), (8, 9), (13, 2), (1, 2), (13, 11)
-----------------------------------------------------------------------------------------------------------------------------
Iteracion 71
Nodos generados: (13, 8), (13, 1), (8, 10), (13, 12), (8, 11), (14, 10), (14, 9), (14, 11), (14, 3), (14, 2), (14, 8), (7, 9), (7, 10), (14, 1), (14, 12)
Nodos inspeccionados: (4, 0), (5, 1), (4, 1), (6, 2), (6, 1), (5, 2), (7, 3), (4, 2), (7, 2), (6, 3), (5, 3), (7, 1), (8, 3), (4, 3), (8, 2), (9, 4), (3, 1), (8, 1), (9, 3), (10, 5), (9, 2), (10, 4), (9, 5), (11, 6), (3, 2), (9, 1), (10, 3), (11, 5), (10, 6), (10, 2), (9, 6), (11, 4), (11, 7), (3, 3), (10, 1), (11, 3), (10, 7), (11, 2), (9, 7), (11, 8), (11, 1), (12, 3), (10, 8), (12, 9), (2, 2), (12, 2), (9, 8), (11, 9), (2, 1), (12, 1), (10, 9), (12, 10), (2, 3), (9, 9), (11, 10), (10, 10), (12, 11), (9, 10), (11, 11), (10, 11), (13, 10), (9, 11), (13, 3), (13, 9), (1, 3), (8, 9), (13, 2), (1, 2), (13, 11), (1, 1)
-----------------------------------------------------------------------------------------------------------------------------
Iteracion 72
Nodos generados: (13, 8), (8, 10), (13, 12), (8, 11), (14, 10), (14, 9), (14, 11), (14, 3), (14, 2), (14, 8), (7, 9), (7, 10), (14, 1), (14, 12)
Nodos inspeccionados: (4, 0), (5, 1), (4, 1), (6, 2), (6, 1), (5, 2), (7, 3), (4, 2), (7, 2), (6, 3), (5, 3), (7, 1), (8, 3), (4, 3), (8, 2), (9, 4), (3, 1), (8, 1), (9, 3), (10, 5), (9, 2), (10, 4), (9, 5), (11, 6), (3, 2), (9, 1), (10, 3), (11, 5), (10, 6), (10, 2), (9, 6), (11, 4), (11, 7), (3, 3), (10, 1), (11, 3), (10, 7), (11, 2), (9, 7), (11, 8), (11, 1), (12, 3), (10, 8), (12, 9), (2, 2), (12, 2), (9, 8), (11, 9), (2, 1), (12, 1), (10, 9), (12, 10), (2, 3), (9, 9), (11, 10), (10, 10), (12, 11), (9, 10), (11, 11), (10, 11), (13, 10), (9, 11), (13, 3), (13, 9), (1, 3), (8, 9), (13, 2), (1, 2), (13, 11), (1, 1), (13, 1)
-----------------------------------------------------------------------------------------------------------------------------
Iteracion 73
Nodos generados: (13, 8), (13, 12), (8, 11), (14, 10), (14, 9), (14, 11), (14, 3), (14, 2), (14, 8), (7, 9), (7, 10), (14, 1), (14, 12), (7, 11)
Nodos inspeccionados: (4, 0), (5, 1), (4, 1), (6, 2), (6, 1), (5, 2), (7, 3), (4, 2), (7, 2), (6, 3), (5, 3), (7, 1), (8, 3), (4, 3), (8, 2), (9, 4), (3, 1), (8, 1), (9, 3), (10, 5), (9, 2), (10, 4), (9, 5), (11, 6), (3, 2), (9, 1), (10, 3), (11, 5), (10, 6), (10, 2), (9, 6), (11, 4), (11, 7), (3, 3), (10, 1), (11, 3), (10, 7), (11, 2), (9, 7), (11, 8), (11, 1), (12, 3), (10, 8), (12, 9), (2, 2), (12, 2), (9, 8), (11, 9), (2, 1), (12, 1), (10, 9), (12, 10), (2, 3), (9, 9), (11, 10), (10, 10), (12, 11), (9, 10), (11, 11), (10, 11), (13, 10), (9, 11), (13, 3), (13, 9), (1, 3), (8, 9), (13, 2), (1, 2), (13, 11), (1, 1), (13, 1), (8, 10)
-----------------------------------------------------------------------------------------------------------------------------
Iteracion 74
Nodos generados: (13, 8), (8, 11), (14, 10), (14, 9), (14, 11), (14, 3), (14, 2), (14, 8), (7, 9), (7, 10), (14, 1), (14, 12), (7, 11), (13, 13), (12, 13), (14, 13)
Nodos inspeccionados: (4, 0), (5, 1), (4, 1), (6, 2), (6, 1), (5, 2), (7, 3), (4, 2), (7, 2), (6, 3), (5, 3), (7, 1), (8, 3), (4, 3), (8, 2), (9, 4), (3, 1), (8, 1), (9, 3), (10, 5), (9, 2), (10, 4), (9, 5), (11, 6), (3, 2), (9, 1), (10, 3), (11, 5), (10, 6), (10, 2), (9, 6), (11, 4), (11, 7), (3, 3), (10, 1), (11, 3), (10, 7), (11, 2), (9, 7), (11, 8), (11, 1), (12, 3), (10, 8), (12, 9), (2, 2), (12, 2), (9, 8), (11, 9), (2, 1), (12, 1), (10, 9), (12, 10), (2, 3), (9, 9), (11, 10), (10, 10), (12, 11), (9, 10), (11, 11), (10, 11), (13, 10), (9, 11), (13, 3), (13, 9), (1, 3), (8, 9), (13, 2), (1, 2), (13, 11), (1, 1), (13, 1), (8, 10), (13, 12)
-----------------------------------------------------------------------------------------------------------------------------
Iteracion 75
Nodos generados: (13, 8), (14, 10), (14, 9), (14, 11), (14, 3), (14, 2), (14, 8), (7, 9), (7, 10), (14, 1), (14, 12), (7, 11), (13, 13), (12, 13), (14, 13)
Nodos inspeccionados: (4, 0), (5, 1), (4, 1), (6, 2), (6, 1), (5, 2), (7, 3), (4, 2), (7, 2), (6, 3), (5, 3), (7, 1), (8, 3), (4, 3), (8, 2), (9, 4), (3, 1), (8, 1), (9, 3), (10, 5), (9, 2), (10, 4), (9, 5), (11, 6), (3, 2), (9, 1), (10, 3), (11, 5), (10, 6), (10, 2), (9, 6), (11, 4), (11, 7), (3, 3), (10, 1), (11, 3), (10, 7), (11, 2), (9, 7), (11, 8), (11, 1), (12, 3), (10, 8), (12, 9), (2, 2), (12, 2), (9, 8), (11, 9), (2, 1), (12, 1), (10, 9), (12, 10), (2, 3), (9, 9), (11, 10), (10, 10), (12, 11), (9, 10), (11, 11), (10, 11), (13, 10), (9, 11), (13, 3), (13, 9), (1, 3), (8, 9), (13, 2), (1, 2), (13, 11), (1, 1), (13, 1), (8, 10), (13, 12), (8, 11)
-----------------------------------------------------------------------------------------------------------------------------
Iteracion 76
Nodos generados: (13, 8), (14, 10), (14, 9), (14, 11), (14, 3), (14, 2), (14, 8), (7, 9), (7, 10), (14, 1), (14, 12), (7, 11), (13, 13), (14, 13), (11, 13), (12, 14), (11, 14), (13, 14)
Nodos inspeccionados: (4, 0), (5, 1), (4, 1), (6, 2), (6, 1), (5, 2), (7, 3), (4, 2), (7, 2), (6, 3), (5, 3), (7, 1), (8, 3), (4, 3), (8, 2), (9, 4), (3, 1), (8, 1), (9, 3), (10, 5), (9, 2), (10, 4), (9, 5), (11, 6), (3, 2), (9, 1), (10, 3), (11, 5), (10, 6), (10, 2), (9, 6), (11, 4), (11, 7), (3, 3), (10, 1), (11, 3), (10, 7), (11, 2), (9, 7), (11, 8), (11, 1), (12, 3), (10, 8), (12, 9), (2, 2), (12, 2), (9, 8), (11, 9), (2, 1), (12, 1), (10, 9), (12, 10), (2, 3), (9, 9), (11, 10), (10, 10), (12, 11), (9, 10), (11, 11), (10, 11), (13, 10), (9, 11), (13, 3), (13, 9), (1, 3), (8, 9), (13, 2), (1, 2), (13, 11), (1, 1), (13, 1), (8, 10), (13, 12), (8, 11), (12, 13)
-----------------------------------------------------------------------------------------------------------------------------
Iteracion 77
Nodos generados: (14, 10), (14, 9), (14, 11), (14, 3), (14, 2), (14, 8), (7, 9), (7, 10), (14, 1), (14, 12), (7, 11), (13, 13), (14, 13), (11, 13), (12, 14), (11, 14), (13, 14), (13, 7), (14, 7)
Nodos inspeccionados: (4, 0), (5, 1), (4, 1), (6, 2), (6, 1), (5, 2), (7, 3), (4, 2), (7, 2), (6, 3), (5, 3), (7, 1), (8, 3), (4, 3), (8, 2), (9, 4), (3, 1), (8, 1), (9, 3), (10, 5), (9, 2), (10, 4), (9, 5), (11, 6), (3, 2), (9, 1), (10, 3), (11, 5), (10, 6), (10, 2), (9, 6), (11, 4), (11, 7), (3, 3), (10, 1), (11, 3), (10, 7), (11, 2), (9, 7), (11, 8), (11, 1), (12, 3), (10, 8), (12, 9), (2, 2), (12, 2), (9, 8), (11, 9), (2, 1), (12, 1), (10, 9), (12, 10), (2, 3), (9, 9), (11, 10), (10, 10), (12, 11), (9, 10), (11, 11), (10, 11), (13, 10), (9, 11), (13, 3), (13, 9), (1, 3), (8, 9), (13, 2), (1, 2), (13, 11), (1, 1), (13, 1), (8, 10), (13, 12), (8, 11), (12, 13), (13, 8)
-----------------------------------------------------------------------------------------------------------------------------
Iteracion 78
Nodos generados: (14, 10), (14, 9), (14, 11), (14, 3), (14, 2), (14, 8), (7, 9), (7, 10), (14, 1), (14, 12), (7, 11), (14, 13), (11, 13), (12, 14), (11, 14), (13, 14), (13, 7), (14, 7), (14, 14)
Nodos inspeccionados: (4, 0), (5, 1), (4, 1), (6, 2), (6, 1), (5, 2), (7, 3), (4, 2), (7, 2), (6, 3), (5, 3), (7, 1), (8, 3), (4, 3), (8, 2), (9, 4), (3, 1), (8, 1), (9, 3), (10, 5), (9, 2), (10, 4), (9, 5), (11, 6), (3, 2), (9, 1), (10, 3), (11, 5), (10, 6), (10, 2), (9, 6), (11, 4), (11, 7), (3, 3), (10, 1), (11, 3), (10, 7), (11, 2), (9, 7), (11, 8), (11, 1), (12, 3), (10, 8), (12, 9), (2, 2), (12, 2), (9, 8), (11, 9), (2, 1), (12, 1), (10, 9), (12, 10), (2, 3), (9, 9), (11, 10), (10, 10), (12, 11), (9, 10), (11, 11), (10, 11), (13, 10), (9, 11), (13, 3), (13, 9), (1, 3), (8, 9), (13, 2), (1, 2), (13, 11), (1, 1), (13, 1), (8, 10), (13, 12), (8, 11), (12, 13), (13, 8), (13, 13)
-----------------------------------------------------------------------------------------------------------------------------
Iteracion 79
Nodos generados: (14, 10), (14, 9), (14, 3), (14, 2), (14, 8), (7, 9), (7, 10), (14, 1), (14, 12), (7, 11), (14, 13), (11, 13), (12, 14), (11, 14), (13, 14), (13, 7), (14, 7), (14, 14), (15, 11), (15, 10), (15, 12)
Nodos inspeccionados: (4, 0), (5, 1), (4, 1), (6, 2), (6, 1), (5, 2), (7, 3), (4, 2), (7, 2), (6, 3), (5, 3), (7, 1), (8, 3), (4, 3), (8, 2), (9, 4), (3, 1), (8, 1), (9, 3), (10, 5), (9, 2), (10, 4), (9, 5), (11, 6), (3, 2), (9, 1), (10, 3), (11, 5), (10, 6), (10, 2), (9, 6), (11, 4), (11, 7), (3, 3), (10, 1), (11, 3), (10, 7), (11, 2), (9, 7), (11, 8), (11, 1), (12, 3), (10, 8), (12, 9), (2, 2), (12, 2), (9, 8), (11, 9), (2, 1), (12, 1), (10, 9), (12, 10), (2, 3), (9, 9), (11, 10), (10, 10), (12, 11), (9, 10), (11, 11), (10, 11), (13, 10), (9, 11), (13, 3), (13, 9), (1, 3), (8, 9), (13, 2), (1, 2), (13, 11), (1, 1), (13, 1), (8, 10), (13, 12), (8, 11), (12, 13), (13, 8), (13, 13), (14, 11)
-----------------------------------------------------------------------------------------------------------------------------
Iteracion 80
Nodos generados: (14, 10), (14, 9), (14, 3), (14, 2), (14, 8), (7, 9), (7, 10), (14, 1), (14, 12), (7, 11), (14, 13), (11, 13), (11, 14), (13, 14), (13, 7), (14, 7), (14, 14), (15, 11), (15, 10), (15, 12), (12, 15), (11, 15), (13, 15)
Nodos inspeccionados: (4, 0), (5, 1), (4, 1), (6, 2), (6, 1), (5, 2), (7, 3), (4, 2), (7, 2), (6, 3), (5, 3), (7, 1), (8, 3), (4, 3), (8, 2), (9, 4), (3, 1), (8, 1), (9, 3), (10, 5), (9, 2), (10, 4), (9, 5), (11, 6), (3, 2), (9, 1), (10, 3), (11, 5), (10, 6), (10, 2), (9, 6), (11, 4), (11, 7), (3, 3), (10, 1), (11, 3), (10, 7), (11, 2), (9, 7), (11, 8), (11, 1), (12, 3), (10, 8), (12, 9), (2, 2), (12, 2), (9, 8), (11, 9), (2, 1), (12, 1), (10, 9), (12, 10), (2, 3), (9, 9), (11, 10), (10, 10), (12, 11), (9, 10), (11, 11), (10, 11), (13, 10), (9, 11), (13, 3), (13, 9), (1, 3), (8, 9), (13, 2), (1, 2), (13, 11), (1, 1), (13, 1), (8, 10), (13, 12), (8, 11), (12, 13), (13, 8), (13, 13), (14, 11), (12, 14)
-----------------------------------------------------------------------------------------------------------------------------
Iteracion 81
Nodos generados: (14, 9), (14, 3), (14, 2), (14, 8), (7, 9), (7, 10), (14, 1), (14, 12), (7, 11), (14, 13), (11, 13), (11, 14), (13, 14), (13, 7), (14, 7), (14, 14), (15, 11), (15, 10), (15, 12), (12, 15), (11, 15), (13, 15), (15, 9)
Nodos inspeccionados: (4, 0), (5, 1), (4, 1), (6, 2), (6, 1), (5, 2), (7, 3), (4, 2), (7, 2), (6, 3), (5, 3), (7, 1), (8, 3), (4, 3), (8, 2), (9, 4), (3, 1), (8, 1), (9, 3), (10, 5), (9, 2), (10, 4), (9, 5), (11, 6), (3, 2), (9, 1), (10, 3), (11, 5), (10, 6), (10, 2), (9, 6), (11, 4), (11, 7), (3, 3), (10, 1), (11, 3), (10, 7), (11, 2), (9, 7), (11, 8), (11, 1), (12, 3), (10, 8), (12, 9), (2, 2), (12, 2), (9, 8), (11, 9), (2, 1), (12, 1), (10, 9), (12, 10), (2, 3), (9, 9), (11, 10), (10, 10), (12, 11), (9, 10), (11, 11), (10, 11), (13, 10), (9, 11), (13, 3), (13, 9), (1, 3), (8, 9), (13, 2), (1, 2), (13, 11), (1, 1), (13, 1), (8, 10), (13, 12), (8, 11), (12, 13), (13, 8), (13, 13), (14, 11), (12, 14), (14, 10)
-----------------------------------------------------------------------------------------------------------------------------
Iteracion 82
Nodos generados: (14, 9), (14, 3), (14, 2), (14, 8), (7, 9), (14, 1), (14, 12), (7, 11), (14, 13), (11, 13), (11, 14), (13, 14), (13, 7), (14, 7), (14, 14), (15, 11), (15, 10), (15, 12), (12, 15), (11, 15), (13, 15), (15, 9), (6, 10), (6, 9), (6, 11)
Nodos inspeccionados: (4, 0), (5, 1), (4, 1), (6, 2), (6, 1), (5, 2), (7, 3), (4, 2), (7, 2), (6, 3), (5, 3), (7, 1), (8, 3), (4, 3), (8, 2), (9, 4), (3, 1), (8, 1), (9, 3), (10, 5), (9, 2), (10, 4), (9, 5), (11, 6), (3, 2), (9, 1), (10, 3), (11, 5), (10, 6), (10, 2), (9, 6), (11, 4), (11, 7), (3, 3), (10, 1), (11, 3), (10, 7), (11, 2), (9, 7), (11, 8), (11, 1), (12, 3), (10, 8), (12, 9), (2, 2), (12, 2), (9, 8), (11, 9), (2, 1), (12, 1), (10, 9), (12, 10), (2, 3), (9, 9), (11, 10), (10, 10), (12, 11), (9, 10), (11, 11), (10, 11), (13, 10), (9, 11), (13, 3), (13, 9), (1, 3), (8, 9), (13, 2), (1, 2), (13, 11), (1, 1), (13, 1), (8, 10), (13, 12), (8, 11), (12, 13), (13, 8), (13, 13), (14, 11), (12, 14), (14, 10), (7, 10)
-----------------------------------------------------------------------------------------------------------------------------
Iteracion 83
Nodos generados: (14, 9), (14, 3), (14, 2), (14, 8), (7, 9), (14, 1), (14, 12), (7, 11), (14, 13), (11, 13), (11, 14), (13, 7), (14, 7), (14, 14), (15, 11), (15, 10), (15, 12), (12, 15), (11, 15), (13, 15), (15, 9), (6, 10), (6, 9), (6, 11), (14, 15)
Nodos inspeccionados: (4, 0), (5, 1), (4, 1), (6, 2), (6, 1), (5, 2), (7, 3), (4, 2), (7, 2), (6, 3), (5, 3), (7, 1), (8, 3), (4, 3), (8, 2), (9, 4), (3, 1), (8, 1), (9, 3), (10, 5), (9, 2), (10, 4), (9, 5), (11, 6), (3, 2), (9, 1), (10, 3), (11, 5), (10, 6), (10, 2), (9, 6), (11, 4), (11, 7), (3, 3), (10, 1), (11, 3), (10, 7), (11, 2), (9, 7), (11, 8), (11, 1), (12, 3), (10, 8), (12, 9), (2, 2), (12, 2), (9, 8), (11, 9), (2, 1), (12, 1), (10, 9), (12, 10), (2, 3), (9, 9), (11, 10), (10, 10), (12, 11), (9, 10), (11, 11), (10, 11), (13, 10), (9, 11), (13, 3), (13, 9), (1, 3), (8, 9), (13, 2), (1, 2), (13, 11), (1, 1), (13, 1), (8, 10), (13, 12), (8, 11), (12, 13), (13, 8), (13, 13), (14, 11), (12, 14), (14, 10), (7, 10), (13, 14)
-----------------------------------------------------------------------------------------------------------------------------
Iteracion 84
Nodos generados: (14, 3), (14, 2), (14, 8), (7, 9), (14, 1), (14, 12), (7, 11), (14, 13), (11, 13), (11, 14), (13, 7), (14, 7), (14, 14), (15, 11), (15, 10), (15, 12), (12, 15), (11, 15), (13, 15), (15, 9), (6, 10), (6, 9), (6, 11), (14, 15), (15, 8)
Nodos inspeccionados: (4, 0), (5, 1), (4, 1), (6, 2), (6, 1), (5, 2), (7, 3), (4, 2), (7, 2), (6, 3), (5, 3), (7, 1), (8, 3), (4, 3), (8, 2), (9, 4), (3, 1), (8, 1), (9, 3), (10, 5), (9, 2), (10, 4), (9, 5), (11, 6), (3, 2), (9, 1), (10, 3), (11, 5), (10, 6), (10, 2), (9, 6), (11, 4), (11, 7), (3, 3), (10, 1), (11, 3), (10, 7), (11, 2), (9, 7), (11, 8), (11, 1), (12, 3), (10, 8), (12, 9), (2, 2), (12, 2), (9, 8), (11, 9), (2, 1), (12, 1), (10, 9), (12, 10), (2, 3), (9, 9), (11, 10), (10, 10), (12, 11), (9, 10), (11, 11), (10, 11), (13, 10), (9, 11), (13, 3), (13, 9), (1, 3), (8, 9), (13, 2), (1, 2), (13, 11), (1, 1), (13, 1), (8, 10), (13, 12), (8, 11), (12, 13), (13, 8), (13, 13), (14, 11), (12, 14), (14, 10), (7, 10), (13, 14), (14, 9)
-----------------------------------------------------------------------------------------------------------------------------
Iteracion 85
Nodos generados: (14, 2), (14, 8), (7, 9), (14, 1), (14, 12), (7, 11), (14, 13), (11, 13), (11, 14), (13, 7), (14, 7), (14, 14), (15, 11), (15, 10), (15, 12), (12, 15), (11, 15), (13, 15), (15, 9), (6, 10), (6, 9), (6, 11), (14, 15), (15, 8), (15, 3), (15, 2)
Nodos inspeccionados: (4, 0), (5, 1), (4, 1), (6, 2), (6, 1), (5, 2), (7, 3), (4, 2), (7, 2), (6, 3), (5, 3), (7, 1), (8, 3), (4, 3), (8, 2), (9, 4), (3, 1), (8, 1), (9, 3), (10, 5), (9, 2), (10, 4), (9, 5), (11, 6), (3, 2), (9, 1), (10, 3), (11, 5), (10, 6), (10, 2), (9, 6), (11, 4), (11, 7), (3, 3), (10, 1), (11, 3), (10, 7), (11, 2), (9, 7), (11, 8), (11, 1), (12, 3), (10, 8), (12, 9), (2, 2), (12, 2), (9, 8), (11, 9), (2, 1), (12, 1), (10, 9), (12, 10), (2, 3), (9, 9), (11, 10), (10, 10), (12, 11), (9, 10), (11, 11), (10, 11), (13, 10), (9, 11), (13, 3), (13, 9), (1, 3), (8, 9), (13, 2), (1, 2), (13, 11), (1, 1), (13, 1), (8, 10), (13, 12), (8, 11), (12, 13), (13, 8), (13, 13), (14, 11), (12, 14), (14, 10), (7, 10), (13, 14), (14, 9), (14, 3)
-----------------------------------------------------------------------------------------------------------------------------
Iteracion 86
Nodos generados: (14, 2), (14, 8), (14, 1), (14, 12), (7, 11), (14, 13), (11, 13), (11, 14), (13, 7), (14, 7), (14, 14), (15, 11), (15, 10), (15, 12), (12, 15), (11, 15), (13, 15), (15, 9), (6, 10), (6, 9), (6, 11), (14, 15), (15, 8), (15, 3), (15, 2)
Nodos inspeccionados: (4, 0), (5, 1), (4, 1), (6, 2), (6, 1), (5, 2), (7, 3), (4, 2), (7, 2), (6, 3), (5, 3), (7, 1), (8, 3), (4, 3), (8, 2), (9, 4), (3, 1), (8, 1), (9, 3), (10, 5), (9, 2), (10, 4), (9, 5), (11, 6), (3, 2), (9, 1), (10, 3), (11, 5), (10, 6), (10, 2), (9, 6), (11, 4), (11, 7), (3, 3), (10, 1), (11, 3), (10, 7), (11, 2), (9, 7), (11, 8), (11, 1), (12, 3), (10, 8), (12, 9), (2, 2), (12, 2), (9, 8), (11, 9), (2, 1), (12, 1), (10, 9), (12, 10), (2, 3), (9, 9), (11, 10), (10, 10), (12, 11), (9, 10), (11, 11), (10, 11), (13, 10), (9, 11), (13, 3), (13, 9), (1, 3), (8, 9), (13, 2), (1, 2), (13, 11), (1, 1), (13, 1), (8, 10), (13, 12), (8, 11), (12, 13), (13, 8), (13, 13), (14, 11), (12, 14), (14, 10), (7, 10), (13, 14), (14, 9), (14, 3), (7, 9)
-----------------------------------------------------------------------------------------------------------------------------
Iteracion 87
Nodos generados: (14, 2), (14, 8), (14, 1), (7, 11), (14, 13), (11, 13), (11, 14), (13, 7), (14, 7), (14, 14), (15, 11), (15, 10), (15, 12), (12, 15), (11, 15), (13, 15), (15, 9), (6, 10), (6, 9), (6, 11), (14, 15), (15, 8), (15, 3), (15, 2), (15, 13)
Nodos inspeccionados: (4, 0), (5, 1), (4, 1), (6, 2), (6, 1), (5, 2), (7, 3), (4, 2), (7, 2), (6, 3), (5, 3), (7, 1), (8, 3), (4, 3), (8, 2), (9, 4), (3, 1), (8, 1), (9, 3), (10, 5), (9, 2), (10, 4), (9, 5), (11, 6), (3, 2), (9, 1), (10, 3), (11, 5), (10, 6), (10, 2), (9, 6), (11, 4), (11, 7), (3, 3), (10, 1), (11, 3), (10, 7), (11, 2), (9, 7), (11, 8), (11, 1), (12, 3), (10, 8), (12, 9), (2, 2), (12, 2), (9, 8), (11, 9), (2, 1), (12, 1), (10, 9), (12, 10), (2, 3), (9, 9), (11, 10), (10, 10), (12, 11), (9, 10), (11, 11), (10, 11), (13, 10), (9, 11), (13, 3), (13, 9), (1, 3), (8, 9), (13, 2), (1, 2), (13, 11), (1, 1), (13, 1), (8, 10), (13, 12), (8, 11), (12, 13), (13, 8), (13, 13), (14, 11), (12, 14), (14, 10), (7, 10), (13, 14), (14, 9), (14, 3), (7, 9), (14, 12)
-----------------------------------------------------------------------------------------------------------------------------
Iteracion 88
Nodos generados: (14, 2), (14, 8), (14, 1), (7, 11), (14, 13), (11, 13), (11, 14), (13, 7), (14, 7), (14, 14), (15, 11), (15, 10), (15, 12), (11, 15), (13, 15), (15, 9), (6, 10), (6, 9), (6, 11), (14, 15), (15, 8), (15, 3), (15, 2), (15, 13), (12, 16)
Nodos inspeccionados: (4, 0), (5, 1), (4, 1), (6, 2), (6, 1), (5, 2), (7, 3), (4, 2), (7, 2), (6, 3), (5, 3), (7, 1), (8, 3), (4, 3), (8, 2), (9, 4), (3, 1), (8, 1), (9, 3), (10, 5), (9, 2), (10, 4), (9, 5), (11, 6), (3, 2), (9, 1), (10, 3), (11, 5), (10, 6), (10, 2), (9, 6), (11, 4), (11, 7), (3, 3), (10, 1), (11, 3), (10, 7), (11, 2), (9, 7), (11, 8), (11, 1), (12, 3), (10, 8), (12, 9), (2, 2), (12, 2), (9, 8), (11, 9), (2, 1), (12, 1), (10, 9), (12, 10), (2, 3), (9, 9), (11, 10), (10, 10), (12, 11), (9, 10), (11, 11), (10, 11), (13, 10), (9, 11), (13, 3), (13, 9), (1, 3), (8, 9), (13, 2), (1, 2), (13, 11), (1, 1), (13, 1), (8, 10), (13, 12), (8, 11), (12, 13), (13, 8), (13, 13), (14, 11), (12, 14), (14, 10), (7, 10), (13, 14), (14, 9), (14, 3), (7, 9), (14, 12), (12, 15)
-----------------------------------------------------------------------------------------------------------------------------
Iteracion 89
Nodos generados: (14, 8), (14, 1), (7, 11), (14, 13), (11, 13), (11, 14), (13, 7), (14, 7), (14, 14), (15, 11), (15, 10), (15, 12), (11, 15), (13, 15), (15, 9), (6, 10), (6, 9), (6, 11), (14, 15), (15, 8), (15, 3), (15, 2), (15, 13), (12, 16), (15, 1)
Nodos inspeccionados: (4, 0), (5, 1), (4, 1), (6, 2), (6, 1), (5, 2), (7, 3), (4, 2), (7, 2), (6, 3), (5, 3), (7, 1), (8, 3), (4, 3), (8, 2), (9, 4), (3, 1), (8, 1), (9, 3), (10, 5), (9, 2), (10, 4), (9, 5), (11, 6), (3, 2), (9, 1), (10, 3), (11, 5), (10, 6), (10, 2), (9, 6), (11, 4), (11, 7), (3, 3), (10, 1), (11, 3), (10, 7), (11, 2), (9, 7), (11, 8), (11, 1), (12, 3), (10, 8), (12, 9), (2, 2), (12, 2), (9, 8), (11, 9), (2, 1), (12, 1), (10, 9), (12, 10), (2, 3), (9, 9), (11, 10), (10, 10), (12, 11), (9, 10), (11, 11), (10, 11), (13, 10), (9, 11), (13, 3), (13, 9), (1, 3), (8, 9), (13, 2), (1, 2), (13, 11), (1, 1), (13, 1), (8, 10), (13, 12), (8, 11), (12, 13), (13, 8), (13, 13), (14, 11), (12, 14), (14, 10), (7, 10), (13, 14), (14, 9), (14, 3), (7, 9), (14, 12), (12, 15), (14, 2)
-----------------------------------------------------------------------------------------------------------------------------
Iteracion 90
Nodos generados: (14, 8), (14, 1), (14, 13), (11, 13), (11, 14), (13, 7), (14, 7), (14, 14), (15, 11), (15, 10), (15, 12), (11, 15), (13, 15), (15, 9), (6, 10), (6, 9), (6, 11), (14, 15), (15, 8), (15, 3), (15, 2), (15, 13), (12, 16), (15, 1)
Nodos inspeccionados: (4, 0), (5, 1), (4, 1), (6, 2), (6, 1), (5, 2), (7, 3), (4, 2), (7, 2), (6, 3), (5, 3), (7, 1), (8, 3), (4, 3), (8, 2), (9, 4), (3, 1), (8, 1), (9, 3), (10, 5), (9, 2), (10, 4), (9, 5), (11, 6), (3, 2), (9, 1), (10, 3), (11, 5), (10, 6), (10, 2), (9, 6), (11, 4), (11, 7), (3, 3), (10, 1), (11, 3), (10, 7), (11, 2), (9, 7), (11, 8), (11, 1), (12, 3), (10, 8), (12, 9), (2, 2), (12, 2), (9, 8), (11, 9), (2, 1), (12, 1), (10, 9), (12, 10), (2, 3), (9, 9), (11, 10), (10, 10), (12, 11), (9, 10), (11, 11), (10, 11), (13, 10), (9, 11), (13, 3), (13, 9), (1, 3), (8, 9), (13, 2), (1, 2), (13, 11), (1, 1), (13, 1), (8, 10), (13, 12), (8, 11), (12, 13), (13, 8), (13, 13), (14, 11), (12, 14), (14, 10), (7, 10), (13, 14), (14, 9), (14, 3), (7, 9), (14, 12), (12, 15), (14, 2), (7, 11)
-----------------------------------------------------------------------------------------------------------------------------
Iteracion 91
Nodos generados: (14, 8), (14, 1), (14, 13), (11, 13), (11, 14), (13, 7), (14, 7), (14, 14), (15, 11), (15, 10), (15, 12), (11, 15), (15, 9), (6, 10), (6, 9), (6, 11), (14, 15), (15, 8), (15, 3), (15, 2), (15, 13), (12, 16), (15, 1)
Nodos inspeccionados: (4, 0), (5, 1), (4, 1), (6, 2), (6, 1), (5, 2), (7, 3), (4, 2), (7, 2), (6, 3), (5, 3), (7, 1), (8, 3), (4, 3), (8, 2), (9, 4), (3, 1), (8, 1), (9, 3), (10, 5), (9, 2), (10, 4), (9, 5), (11, 6), (3, 2), (9, 1), (10, 3), (11, 5), (10, 6), (10, 2), (9, 6), (11, 4), (11, 7), (3, 3), (10, 1), (11, 3), (10, 7), (11, 2), (9, 7), (11, 8), (11, 1), (12, 3), (10, 8), (12, 9), (2, 2), (12, 2), (9, 8), (11, 9), (2, 1), (12, 1), (10, 9), (12, 10), (2, 3), (9, 9), (11, 10), (10, 10), (12, 11), (9, 10), (11, 11), (10, 11), (13, 10), (9, 11), (13, 3), (13, 9), (1, 3), (8, 9), (13, 2), (1, 2), (13, 11), (1, 1), (13, 1), (8, 10), (13, 12), (8, 11), (12, 13), (13, 8), (13, 13), (14, 11), (12, 14), (14, 10), (7, 10), (13, 14), (14, 9), (14, 3), (7, 9), (14, 12), (12, 15), (14, 2), (7, 11), (13, 15)
-----------------------------------------------------------------------------------------------------------------------------
Iteracion 92
Nodos generados: (14, 8), (14, 13), (11, 13), (11, 14), (13, 7), (14, 7), (14, 14), (15, 11), (15, 10), (15, 12), (11, 15), (15, 9), (6, 10), (6, 9), (6, 11), (14, 15), (15, 8), (15, 3), (15, 2), (15, 13), (12, 16), (15, 1)
Nodos inspeccionados: (4, 0), (5, 1), (4, 1), (6, 2), (6, 1), (5, 2), (7, 3), (4, 2), (7, 2), (6, 3), (5, 3), (7, 1), (8, 3), (4, 3), (8, 2), (9, 4), (3, 1), (8, 1), (9, 3), (10, 5), (9, 2), (10, 4), (9, 5), (11, 6), (3, 2), (9, 1), (10, 3), (11, 5), (10, 6), (10, 2), (9, 6), (11, 4), (11, 7), (3, 3), (10, 1), (11, 3), (10, 7), (11, 2), (9, 7), (11, 8), (11, 1), (12, 3), (10, 8), (12, 9), (2, 2), (12, 2), (9, 8), (11, 9), (2, 1), (12, 1), (10, 9), (12, 10), (2, 3), (9, 9), (11, 10), (10, 10), (12, 11), (9, 10), (11, 11), (10, 11), (13, 10), (9, 11), (13, 3), (13, 9), (1, 3), (8, 9), (13, 2), (1, 2), (13, 11), (1, 1), (13, 1), (8, 10), (13, 12), (8, 11), (12, 13), (13, 8), (13, 13), (14, 11), (12, 14), (14, 10), (7, 10), (13, 14), (14, 9), (14, 3), (7, 9), (14, 12), (12, 15), (14, 2), (7, 11), (13, 15), (14, 1)
-----------------------------------------------------------------------------------------------------------------------------
Iteracion 93
Nodos generados: (14, 8), (11, 13), (11, 14), (13, 7), (14, 7), (14, 14), (15, 11), (15, 10), (15, 12), (11, 15), (15, 9), (6, 10), (6, 9), (6, 11), (14, 15), (15, 8), (15, 3), (15, 2), (15, 13), (12, 16), (15, 1), (15, 14)
Nodos inspeccionados: (4, 0), (5, 1), (4, 1), (6, 2), (6, 1), (5, 2), (7, 3), (4, 2), (7, 2), (6, 3), (5, 3), (7, 1), (8, 3), (4, 3), (8, 2), (9, 4), (3, 1), (8, 1), (9, 3), (10, 5), (9, 2), (10, 4), (9, 5), (11, 6), (3, 2), (9, 1), (10, 3), (11, 5), (10, 6), (10, 2), (9, 6), (11, 4), (11, 7), (3, 3), (10, 1), (11, 3), (10, 7), (11, 2), (9, 7), (11, 8), (11, 1), (12, 3), (10, 8), (12, 9), (2, 2), (12, 2), (9, 8), (11, 9), (2, 1), (12, 1), (10, 9), (12, 10), (2, 3), (9, 9), (11, 10), (10, 10), (12, 11), (9, 10), (11, 11), (10, 11), (13, 10), (9, 11), (13, 3), (13, 9), (1, 3), (8, 9), (13, 2), (1, 2), (13, 11), (1, 1), (13, 1), (8, 10), (13, 12), (8, 11), (12, 13), (13, 8), (13, 13), (14, 11), (12, 14), (14, 10), (7, 10), (13, 14), (14, 9), (14, 3), (7, 9), (14, 12), (12, 15), (14, 2), (7, 11), (13, 15), (14, 1), (14, 13)
-----------------------------------------------------------------------------------------------------------------------------
Iteracion 94
Nodos generados: (14, 8), (11, 13), (11, 14), (13, 7), (14, 7), (14, 14), (15, 11), (15, 10), (15, 12), (11, 15), (15, 9), (6, 10), (6, 9), (6, 11), (14, 15), (15, 8), (15, 3), (15, 2), (15, 13), (15, 1), (15, 14)
Nodos inspeccionados: (4, 0), (5, 1), (4, 1), (6, 2), (6, 1), (5, 2), (7, 3), (4, 2), (7, 2), (6, 3), (5, 3), (7, 1), (8, 3), (4, 3), (8, 2), (9, 4), (3, 1), (8, 1), (9, 3), (10, 5), (9, 2), (10, 4), (9, 5), (11, 6), (3, 2), (9, 1), (10, 3), (11, 5), (10, 6), (10, 2), (9, 6), (11, 4), (11, 7), (3, 3), (10, 1), (11, 3), (10, 7), (11, 2), (9, 7), (11, 8), (11, 1), (12, 3), (10, 8), (12, 9), (2, 2), (12, 2), (9, 8), (11, 9), (2, 1), (12, 1), (10, 9), (12, 10), (2, 3), (9, 9), (11, 10), (10, 10), (12, 11), (9, 10), (11, 11), (10, 11), (13, 10), (9, 11), (13, 3), (13, 9), (1, 3), (8, 9), (13, 2), (1, 2), (13, 11), (1, 1), (13, 1), (8, 10), (13, 12), (8, 11), (12, 13), (13, 8), (13, 13), (14, 11), (12, 14), (14, 10), (7, 10), (13, 14), (14, 9), (14, 3), (7, 9), (14, 12), (12, 15), (14, 2), (7, 11), (13, 15), (14, 1), (14, 13), (12, 16)
-----------------------------------------------------------------------------------------------------------------------------

=========================================
         Tabla de Resultados de A*       
=========================================

Nmero de Filas:                 17
Nmero de Columnas:              17
Posicin Celda de Entrada:       (4, 0)
Posicin Celda de Salida:        (12, 16)

Camino Encontrado:              (4, 0) -> (5, 1) -> (6, 2) -> (7, 3) -> (8, 3) -> (9, 4) -> (10, 5) -> (11, 6) -> (11, 7) -> (11, 8) -> (12, 9) -> (12, 10) -> (12, 11) -> (13, 12) -> (12, 13) -> (12, 14) -> (12, 15) -> (12, 16)
Coste del Camino:                103
Nmero de Nodos Generados:       114
Nmero de Nodos Inspeccionados:  93
=========================================

1 1 1 1 1 1 1 1 1 1 1 1 1 1 1 1 1 
1 0 0 0 1 0 0 0 0 0 0 0 0 0 0 0 1 
1 0 0 0 1 0 0 0 0 0 0 0 0 0 0 0 1 
1 0 0 0 1 0 0 0 0 0 0 0 0 0 0 0 1 
* 0 0 0 1 0 0 0 1 0 0 0 1 1 1 1 1 
1 * 0 0 1 0 0 0 1 0 0 0 1 0 0 0 1 
1 0 * 0 1 0 0 0 1 0 0 0 1 0 0 0 1 
1 0 0 * 1 0 0 0 1 0 0 0 1 0 0 0 1 
1 0 0 * 1 1 1 1 1 0 0 0 1 0 0 0 1 
1 0 0 0 * 0 0 0 0 0 0 0 1 0 0 0 1 
1 0 0 0 0 * 0 0 0 0 0 0 1 0 0 0 1 
1 0 0 0 0 0 * * * 0 0 0 1 0 0 0 1 
1 0 0 0 1 1 1 1 1 * * * 1 * * * * 
1 0 0 0 1 0 0 0 0 0 0 0 * 0 0 0 1 
1 0 0 0 1 0 0 0 0 0 0 0 0 0 0 0 1 
1 0 0 0 1 0 0 0 0 0 0 0 0 0 0 0 1 
1 1 1 1 1 1 1 1 1 1 1 1 1 1 1 1 1 
