Iteracion 1
Nodos generados: (4, 4)
Nodos inspeccionados: 
-----------------------------------------------------------------------------------------------------------------------------
Iteracion 2
Nodos generados: (3, 4), (4, 3), (3, 3)
Nodos inspeccionados: (4, 4)
-----------------------------------------------------------------------------------------------------------------------------
Iteracion 3
Nodos generados: (3, 4), (4, 3), (3, 2), (2, 4)
Nodos inspeccionados: (4, 4), (3, 3)
-----------------------------------------------------------------------------------------------------------------------------
Iteracion 4
Nodos generados: (4, 3), (3, 2), (2, 4)
Nodos inspeccionados: (4, 4), (3, 3), (3, 4)
-----------------------------------------------------------------------------------------------------------------------------
Iteracion 5
Nodos generados: (3, 2), (2, 4)
Nodos inspeccionados: (4, 4), (3, 3), (3, 4), (4, 3)
-----------------------------------------------------------------------------------------------------------------------------
Iteracion 6
Nodos generados: (2, 4)
Nodos inspeccionados: (4, 4), (3, 3), (3, 4), (4, 3), (3, 2)
-----------------------------------------------------------------------------------------------------------------------------
Iteracion 7
Nodos generados: (1, 4), (1, 3)
Nodos inspeccionados: (4, 4), (3, 3), (3, 4), (4, 3), (3, 2), (2, 4)
-----------------------------------------------------------------------------------------------------------------------------
Iteracion 8
Nodos generados: (1, 4), (0, 3), (0, 2), (0, 4)
Nodos inspeccionados: (4, 4), (3, 3), (3, 4), (4, 3), (3, 2), (2, 4), (1, 3)
-----------------------------------------------------------------------------------------------------------------------------
Iteracion 9
Nodos generados: (0, 3), (0, 2), (0, 4)
Nodos inspeccionados: (4, 4), (3, 3), (3, 4), (4, 3), (3, 2), (2, 4), (1, 3), (1, 4)
-----------------------------------------------------------------------------------------------------------------------------
Iteracion 10
Nodos generados: (0, 3), (0, 4), (0, 1), (1, 1)
Nodos inspeccionados: (4, 4), (3, 3), (3, 4), (4, 3), (3, 2), (2, 4), (1, 3), (1, 4), (0, 2)
-----------------------------------------------------------------------------------------------------------------------------
Iteracion 11
Nodos generados: (0, 4), (0, 1), (1, 1)
Nodos inspeccionados: (4, 4), (3, 3), (3, 4), (4, 3), (3, 2), (2, 4), (1, 3), (1, 4), (0, 2), (0, 3)
-----------------------------------------------------------------------------------------------------------------------------
Iteracion 12
Nodos generados: (0, 4), (0, 1), (1, 0), (2, 0)
Nodos inspeccionados: (4, 4), (3, 3), (3, 4), (4, 3), (3, 2), (2, 4), (1, 3), (1, 4), (0, 2), (0, 3), (1, 1)
-----------------------------------------------------------------------------------------------------------------------------
Iteracion 13
Nodos generados: (0, 1), (1, 0), (2, 0)
Nodos inspeccionados: (4, 4), (3, 3), (3, 4), (4, 3), (3, 2), (2, 4), (1, 3), (1, 4), (0, 2), (0, 3), (1, 1), (0, 4)
-----------------------------------------------------------------------------------------------------------------------------
Iteracion 14
Nodos generados: (1, 0), (2, 0)
Nodos inspeccionados: (4, 4), (3, 3), (3, 4), (4, 3), (3, 2), (2, 4), (1, 3), (1, 4), (0, 2), (0, 3), (1, 1), (0, 4), (0, 1)
-----------------------------------------------------------------------------------------------------------------------------
Iteracion 15
Nodos generados: (2, 0)
Nodos inspeccionados: (4, 4), (3, 3), (3, 4), (4, 3), (3, 2), (2, 4), (1, 3), (1, 4), (0, 2), (0, 3), (1, 1), (0, 4), (0, 1), (1, 0)
-----------------------------------------------------------------------------------------------------------------------------

=========================================
         Tabla de Resultados de A*       
=========================================

Número de Filas:                 5
Número de Columnas:              5
Posición Celda de Entrada:       (4, 4)
Posición Celda de Salida:        (1, 0)

Camino Encontrado:              (4, 4) -> (3, 4) -> (2, 4) -> (1, 3) -> (0, 2) -> (1, 1) -> (1, 0)
Coste del Camino:                36
Número de Nodos Generados:       15
Número de Nodos Inspeccionados:  14
=========================================

1 0 * 0 0 
* * 1 * 0 
0 1 1 1 * 
0 1 0 0 * 
0 1 1 0 * 
Iteracion 1
Nodos generados: (4, 4)
Nodos inspeccionados: 
-----------------------------------------------------------------------------------------------------------------------------
Iteracion 2
Nodos generados: (3, 4), (4, 3), (3, 3)
Nodos inspeccionados: (4, 4)
-----------------------------------------------------------------------------------------------------------------------------
Iteracion 3
Nodos generados: (3, 4), (4, 3), (3, 2), (2, 4)
Nodos inspeccionados: (4, 4), (3, 3)
-----------------------------------------------------------------------------------------------------------------------------
Iteracion 4
Nodos generados: (4, 3), (3, 2), (2, 4)
Nodos inspeccionados: (4, 4), (3, 3), (3, 4)
-----------------------------------------------------------------------------------------------------------------------------
Iteracion 5
Nodos generados: (3, 2), (2, 4)
Nodos inspeccionados: (4, 4), (3, 3), (3, 4), (4, 3)
-----------------------------------------------------------------------------------------------------------------------------
Iteracion 6
Nodos generados: (2, 4)
Nodos inspeccionados: (4, 4), (3, 3), (3, 4), (4, 3), (3, 2)
-----------------------------------------------------------------------------------------------------------------------------
Iteracion 7
Nodos generados: (1, 4), (1, 3)
Nodos inspeccionados: (4, 4), (3, 3), (3, 4), (4, 3), (3, 2), (2, 4)
-----------------------------------------------------------------------------------------------------------------------------
Iteracion 8
Nodos generados: (1, 4), (0, 3), (0, 2), (0, 4)
Nodos inspeccionados: (4, 4), (3, 3), (3, 4), (4, 3), (3, 2), (2, 4), (1, 3)
-----------------------------------------------------------------------------------------------------------------------------
Iteracion 9
Nodos generados: (0, 3), (0, 2), (0, 4)
Nodos inspeccionados: (4, 4), (3, 3), (3, 4), (4, 3), (3, 2), (2, 4), (1, 3), (1, 4)
-----------------------------------------------------------------------------------------------------------------------------
Iteracion 10
Nodos generados: (0, 3), (0, 4), (0, 1), (1, 1)
Nodos inspeccionados: (4, 4), (3, 3), (3, 4), (4, 3), (3, 2), (2, 4), (1, 3), (1, 4), (0, 2)
-----------------------------------------------------------------------------------------------------------------------------
Iteracion 11
Nodos generados: (0, 4), (0, 1), (1, 1)
Nodos inspeccionados: (4, 4), (3, 3), (3, 4), (4, 3), (3, 2), (2, 4), (1, 3), (1, 4), (0, 2), (0, 3)
-----------------------------------------------------------------------------------------------------------------------------
Iteracion 12
Nodos generados: (0, 4), (0, 1), (1, 0), (2, 0)
Nodos inspeccionados: (4, 4), (3, 3), (3, 4), (4, 3), (3, 2), (2, 4), (1, 3), (1, 4), (0, 2), (0, 3), (1, 1)
-----------------------------------------------------------------------------------------------------------------------------
Iteracion 13
Nodos generados: (0, 1), (1, 0), (2, 0)
Nodos inspeccionados: (4, 4), (3, 3), (3, 4), (4, 3), (3, 2), (2, 4), (1, 3), (1, 4), (0, 2), (0, 3), (1, 1), (0, 4)
-----------------------------------------------------------------------------------------------------------------------------
Iteracion 14
Nodos generados: (1, 0), (2, 0)
Nodos inspeccionados: (4, 4), (3, 3), (3, 4), (4, 3), (3, 2), (2, 4), (1, 3), (1, 4), (0, 2), (0, 3), (1, 1), (0, 4), (0, 1)
-----------------------------------------------------------------------------------------------------------------------------
Iteracion 15
Nodos generados: (2, 0)
Nodos inspeccionados: (4, 4), (3, 3), (3, 4), (4, 3), (3, 2), (2, 4), (1, 3), (1, 4), (0, 2), (0, 3), (1, 1), (0, 4), (0, 1), (1, 0)
-----------------------------------------------------------------------------------------------------------------------------

=========================================
         Tabla de Resultados de A*       
=========================================

Número de Filas:                 5
Número de Columnas:              5
Posición Celda de Entrada:       (4, 4)
Posición Celda de Salida:        (1, 0)

Camino Encontrado:              (4, 4) -> (3, 4) -> (2, 4) -> (1, 3) -> (0, 2) -> (1, 1) -> (1, 0)
Coste del Camino:                36
Número de Nodos Generados:       30
Número de Nodos Inspeccionados:  28
=========================================

1 0 * 0 0 
* * 1 * 0 
0 1 1 1 * 
0 1 0 0 * 
0 1 1 0 * 
Iteracion 1
Nodos generados: (4, 4)
Nodos inspeccionados: 
-----------------------------------------------------------------------------------------------------------------------------
Iteracion 2
Nodos generados: (3, 4), (4, 3), (3, 3)
Nodos inspeccionados: (4, 4)
-----------------------------------------------------------------------------------------------------------------------------
Iteracion 3
Nodos generados: (3, 4), (4, 3), (3, 2), (2, 4)
Nodos inspeccionados: (4, 4), (3, 3)
-----------------------------------------------------------------------------------------------------------------------------
Iteracion 4
Nodos generados: (4, 3), (3, 2), (2, 4)
Nodos inspeccionados: (4, 4), (3, 3), (3, 4)
-----------------------------------------------------------------------------------------------------------------------------
Iteracion 5
Nodos generados: (3, 2), (2, 4)
Nodos inspeccionados: (4, 4), (3, 3), (3, 4), (4, 3)
-----------------------------------------------------------------------------------------------------------------------------
Iteracion 6
Nodos generados: (2, 4)
Nodos inspeccionados: (4, 4), (3, 3), (3, 4), (4, 3), (3, 2)
-----------------------------------------------------------------------------------------------------------------------------
Iteracion 7
Nodos generados: (1, 4), (1, 3)
Nodos inspeccionados: (4, 4), (3, 3), (3, 4), (4, 3), (3, 2), (2, 4)
-----------------------------------------------------------------------------------------------------------------------------
Iteracion 8
Nodos generados: (1, 4), (0, 3), (0, 2), (0, 4)
Nodos inspeccionados: (4, 4), (3, 3), (3, 4), (4, 3), (3, 2), (2, 4), (1, 3)
-----------------------------------------------------------------------------------------------------------------------------
Iteracion 9
Nodos generados: (0, 3), (0, 2), (0, 4)
Nodos inspeccionados: (4, 4), (3, 3), (3, 4), (4, 3), (3, 2), (2, 4), (1, 3), (1, 4)
-----------------------------------------------------------------------------------------------------------------------------
Iteracion 10
Nodos generados: (0, 3), (0, 4), (0, 1), (1, 1)
Nodos inspeccionados: (4, 4), (3, 3), (3, 4), (4, 3), (3, 2), (2, 4), (1, 3), (1, 4), (0, 2)
-----------------------------------------------------------------------------------------------------------------------------
Iteracion 11
Nodos generados: (0, 4), (0, 1), (1, 1)
Nodos inspeccionados: (4, 4), (3, 3), (3, 4), (4, 3), (3, 2), (2, 4), (1, 3), (1, 4), (0, 2), (0, 3)
-----------------------------------------------------------------------------------------------------------------------------
Iteracion 12
Nodos generados: (0, 4), (0, 1), (1, 0), (2, 0)
Nodos inspeccionados: (4, 4), (3, 3), (3, 4), (4, 3), (3, 2), (2, 4), (1, 3), (1, 4), (0, 2), (0, 3), (1, 1)
-----------------------------------------------------------------------------------------------------------------------------
Iteracion 13
Nodos generados: (0, 1), (1, 0), (2, 0)
Nodos inspeccionados: (4, 4), (3, 3), (3, 4), (4, 3), (3, 2), (2, 4), (1, 3), (1, 4), (0, 2), (0, 3), (1, 1), (0, 4)
-----------------------------------------------------------------------------------------------------------------------------
Iteracion 14
Nodos generados: (1, 0), (2, 0)
Nodos inspeccionados: (4, 4), (3, 3), (3, 4), (4, 3), (3, 2), (2, 4), (1, 3), (1, 4), (0, 2), (0, 3), (1, 1), (0, 4), (0, 1)
-----------------------------------------------------------------------------------------------------------------------------
Iteracion 15
Nodos generados: (2, 0)
Nodos inspeccionados: (4, 4), (3, 3), (3, 4), (4, 3), (3, 2), (2, 4), (1, 3), (1, 4), (0, 2), (0, 3), (1, 1), (0, 4), (0, 1), (1, 0)
-----------------------------------------------------------------------------------------------------------------------------

=========================================
         Tabla de Resultados de A*       
=========================================

Número de Filas:                 5
Número de Columnas:              5
Posición Celda de Entrada:       (4, 4)
Posición Celda de Salida:        (1, 0)

Camino Encontrado:              (4, 4) -> (3, 4) -> (2, 4) -> (1, 3) -> (0, 2) -> (1, 1) -> (1, 0)
Coste del Camino:                36
Número de Nodos Generados:       45
Número de Nodos Inspeccionados:  42
=========================================

1 0 * 0 0 
* * 1 * 0 
0 1 1 1 * 
0 1 0 0 * 
0 1 1 0 * 
Iteracion 1
Nodos generados: (4, 4)
Nodos inspeccionados: 
-----------------------------------------------------------------------------------------------------------------------------
Iteracion 2
Nodos generados: (3, 4), (4, 3), (3, 3)
Nodos inspeccionados: (4, 4)
-----------------------------------------------------------------------------------------------------------------------------
Iteracion 3
Nodos generados: (3, 4), (4, 3), (3, 2), (2, 4)
Nodos inspeccionados: (4, 4), (3, 3)
-----------------------------------------------------------------------------------------------------------------------------
Iteracion 4
Nodos generados: (4, 3), (3, 2), (2, 4)
Nodos inspeccionados: (4, 4), (3, 3), (3, 4)
-----------------------------------------------------------------------------------------------------------------------------
Iteracion 5
Nodos generados: (3, 2), (2, 4)
Nodos inspeccionados: (4, 4), (3, 3), (3, 4), (4, 3)
-----------------------------------------------------------------------------------------------------------------------------
Iteracion 6
Nodos generados: (2, 4)
Nodos inspeccionados: (4, 4), (3, 3), (3, 4), (4, 3), (3, 2)
-----------------------------------------------------------------------------------------------------------------------------
Iteracion 7
Nodos generados: (1, 4), (1, 3)
Nodos inspeccionados: (4, 4), (3, 3), (3, 4), (4, 3), (3, 2), (2, 4)
-----------------------------------------------------------------------------------------------------------------------------
Iteracion 8
Nodos generados: (1, 4), (0, 3), (0, 2), (0, 4)
Nodos inspeccionados: (4, 4), (3, 3), (3, 4), (4, 3), (3, 2), (2, 4), (1, 3)
-----------------------------------------------------------------------------------------------------------------------------
Iteracion 9
Nodos generados: (0, 3), (0, 2), (0, 4)
Nodos inspeccionados: (4, 4), (3, 3), (3, 4), (4, 3), (3, 2), (2, 4), (1, 3), (1, 4)
-----------------------------------------------------------------------------------------------------------------------------
Iteracion 10
Nodos generados: (0, 3), (0, 4), (0, 1), (1, 1)
Nodos inspeccionados: (4, 4), (3, 3), (3, 4), (4, 3), (3, 2), (2, 4), (1, 3), (1, 4), (0, 2)
-----------------------------------------------------------------------------------------------------------------------------
Iteracion 11
Nodos generados: (0, 4), (0, 1), (1, 1)
Nodos inspeccionados: (4, 4), (3, 3), (3, 4), (4, 3), (3, 2), (2, 4), (1, 3), (1, 4), (0, 2), (0, 3)
-----------------------------------------------------------------------------------------------------------------------------
Iteracion 12
Nodos generados: (0, 4), (0, 1), (1, 0), (2, 0)
Nodos inspeccionados: (4, 4), (3, 3), (3, 4), (4, 3), (3, 2), (2, 4), (1, 3), (1, 4), (0, 2), (0, 3), (1, 1)
-----------------------------------------------------------------------------------------------------------------------------
Iteracion 13
Nodos generados: (0, 1), (1, 0), (2, 0)
Nodos inspeccionados: (4, 4), (3, 3), (3, 4), (4, 3), (3, 2), (2, 4), (1, 3), (1, 4), (0, 2), (0, 3), (1, 1), (0, 4)
-----------------------------------------------------------------------------------------------------------------------------
Iteracion 14
Nodos generados: (1, 0), (2, 0)
Nodos inspeccionados: (4, 4), (3, 3), (3, 4), (4, 3), (3, 2), (2, 4), (1, 3), (1, 4), (0, 2), (0, 3), (1, 1), (0, 4), (0, 1)
-----------------------------------------------------------------------------------------------------------------------------
Iteracion 15
Nodos generados: (2, 0)
Nodos inspeccionados: (4, 4), (3, 3), (3, 4), (4, 3), (3, 2), (2, 4), (1, 3), (1, 4), (0, 2), (0, 3), (1, 1), (0, 4), (0, 1), (1, 0)
-----------------------------------------------------------------------------------------------------------------------------

=========================================
         Tabla de Resultados de A*       
=========================================

Número de Filas:                 5
Número de Columnas:              5
Posición Celda de Entrada:       (4, 4)
Posición Celda de Salida:        (1, 0)

Camino Encontrado:              (4, 4) -> (3, 4) -> (2, 4) -> (1, 3) -> (0, 2) -> (1, 1) -> (1, 0)
Coste del Camino:                36
Número de Nodos Generados:       60
Número de Nodos Inspeccionados:  56
=========================================

1 0 * 0 0 
* * 1 * 0 
0 1 1 1 * 
0 1 0 0 * 
0 1 1 0 * 
